1.010174587715577310e+01
1.953195893151244178e+01
1.942643437914572146e+01
4.977179584300632342e+00
3.885286875829144115e+00
1.037471905427364582e+01
2.198871752557328918e+01
2.404691647395290488e+01
4.130962735235228678e+01
6.174596845138843548e+00
2.595772871377801039e+01
2.266025034837239716e+01
1.083694109613381684e+01
2.058198948379614368e+00
2.152649548371312349e+01
1.997238073338146336e+01
4.977179584300632342e+00
5.208290605230716963e+00
2.518067133861217854e+01
7.224627397422544561e+00
3.082938374571192242e+01
2.056018924380499868e+01
2.436175180725856393e+01
4.168812508183687982e+01
2.039274061905384627e+01
2.675658632893498989e+01
9.513937366732243106e+00
9.555799522920029432e+00
2.921334492299583374e+01
1.444925479484508912e+01
1.480595228433853805e+01
1.696967578508487406e+01
1.157213631511185703e+01
2.965376672486485887e+01
2.532805804716668874e+01
2.770109232885196704e+01
1.243291800265326152e+01
2.709148357843728405e+01
1.709526225364823304e+01
2.998866397436715658e+01
1.795604394118963754e+01
9.324688501989946587e+00
1.371405957586704716e+01
1.577225852424666286e+01
3.442163552822654538e+01
1.037471905427364582e+01
3.612313698711272281e+00
2.167388219226763368e+01
3.011598876672502811e+01
1.554114750331657646e+01
1.444925479484508912e+01
4.116397896759228736e+00
1.064769223139151855e+01
1.110991427325168601e+01
1.110991427325168601e+01
1.134102529418177419e+01
9.555799522920029432e+00
1.037471905427364582e+01
1.394517059679713178e+01
5.397539469973014370e+00
3.845257078881570578e+01
2.440361396344635381e+01
2.171574434845542356e+01
1.411261922154827886e+01
2.116979799421967456e+01
4.893455271925057026e+00
3.612313698711272281e+00
1.444925479484508912e+01
8.589493283011902847e+00
2.692403495368613520e+01
2.326985909878708014e+01
9.324688501989946587e+00
1.056396791901594412e+01
2.148463332752533717e+01
3.381202677781186772e+00
3.805401114313446698e+01
1.010174587715577310e+01
5.439401626160802472e+00
1.092066540850938949e+01
1.033285689808586127e+01
3.381202677781186772e+00
4.221227119608147405e+01
2.148463332752533717e+01
1.499520114908083102e+01
1.033285689808586127e+01
1.993051857719367703e+01
1.988865642100588715e+01
1.161399847129964336e+01
1.566673397187993544e+01
2.400505431776511500e+01
2.509694702623660234e+01
2.814151413072098862e+01
9.408412814365521015e+00
1.993051857719367703e+01
2.833076299546328514e+01
3.381202677781186772e+00
1.211808266934760070e+01
2.982121534961600418e+01
4.893455271925057026e+00
8.505768970636328419e+00
9.093577481059860190e+00
4.662344250994973294e+00
1.297886435688900519e+01
1.430186808629057715e+01
2.591586655759022051e+01
3.885286875829144115e+00
2.476031145293979918e+01
1.134102529418177419e+01
1.142474960655734861e+01
3.612313698711272281e+00
2.501322271386102969e+01
3.389575109018744570e+01
2.692403495368613520e+01
7.812435907846075445e+00
3.057821080858520091e+01
8.001684772588372851e+00
2.389952976539839469e+01
2.520073325480882076e+01
5.019041740488420444e+00
3.727695376796864224e+01
9.597661679107817534e+00
4.338788821692854469e+01
9.513937366732243106e+00
1.568853421187108665e+01
1.421814377391500273e+01
1.598156930518559804e+01
1.010174587715577310e+01
1.115177642943947767e+01
1.449111695103287545e+01
4.662344250994973294e+00
2.518067133861217854e+01
1.837640382686202045e+01
1.308438890925572728e+01
1.806156849355635785e+01
1.631820487848240830e+01
4.620482094807185192e+00
9.828772700037903931e+00
1.169772278367521956e+01
2.295502376548142109e+01
3.381202677781186772e+00
3.131340602756323577e+01
1.192883380460530418e+01
2.482397384911873672e+01
2.203057968176107906e+01
3.190121453798677464e+01
2.526439565098775475e+01
3.211052531892570983e+01
1.484781444052632260e+01
5.397539469973014370e+00
3.070379727714855989e+01
1.110991427325168601e+01
1.694787554509372285e+01
8.422044658260753991e+00
9.093577481059860190e+00
1.243291800265326152e+01
5.628650490903098991e+00
1.010174587715577310e+01
6.762405355562373543e+00
7.308351709798118989e+00
1.654931589941249115e+01
1.822901711830751026e+01
2.782667879741532602e+01
3.362277791306957653e+01
2.719700813080400437e+01
9.282826345802156709e+00
1.005988372096798678e+01
7.035378532680247154e+00
1.736823543076610576e+01
2.879298503732345438e+01
9.324688501989946587e+00
1.759934645169619216e+01
3.563911470526140590e+01
1.320997537781908981e+01
1.367219741967926083e+01
1.161399847129964336e+01
1.896421233728554867e+01
9.093577481059860190e+00
1.468036581577517374e+01
1.426000593010279260e+01
1.005988372096798678e+01
2.992673990198272804e+01
1.033285689808586127e+01
1.010174587715577310e+01
1.818715496211972038e+01
1.014360803334356120e+01
2.530625780717554463e+01
3.654175854899059495e+00
1.604523170136453203e+01
1.138288745036956229e+01
2.654553722420154571e+01
6.174596845138843548e+00
1.207622051315981260e+01
1.325183753400687792e+01
6.447570022256715383e+00
4.662344250994973294e+00
9.324688501989946587e+00
3.381202677781186772e+00
1.230733153408989899e+01
1.339922424256138811e+01
4.620482094807185192e+00
1.092066540850938949e+01
5.439401626160802472e+00
1.755748429550840228e+01
9.324688501989946587e+00
1.029099474189807317e+01
1.787231962881406488e+01
2.635628835945924564e+01
4.620482094807185192e+00
1.596150738898895938e+01
2.814151413072098862e+01
1.010174587715577310e+01
3.654175854899059495e+00
4.116397896759228736e+00
5.985347980396546141e+00
8.001684772588372851e+00
3.381202677781186772e+00
8.736879991566414816e+00
6.993516376492459941e+00
1.207622051315981260e+01
1.883862586872218969e+01
9.555799522920029432e+00
2.137910877515860975e+01
1.512078761764419355e+01
3.381202677781186772e+00
4.662344250994973294e+00
2.860373617258115431e+01
2.049652684762606469e+01
2.715514597461622159e+01
1.472222797196296007e+01
1.673856476415478767e+01
2.709148357843728405e+01
4.662344250994973294e+00
4.620482094807185192e+00
3.213232555891684683e+01
2.020349175431154620e+01
1.654931589941249115e+01
1.848192837922874077e+01
3.612313698711272281e+00
1.573039636805887298e+01
1.314631298164015405e+01
3.007412661053723468e+01
1.266402902358334437e+01
1.596150738898895938e+01
1.864937700397989317e+01
1.037471905427364582e+01
1.453297910722066177e+01
3.150265489230553584e+01
3.885286875829144115e+00
1.010174587715577310e+01
1.215994482553538880e+01
3.712956705941411428e+01
4.280007970650501647e+01
3.885286875829144115e+00
5.019041740488420444e+00
3.209046340272906406e+01
6.325474439794327708e+01
3.320241802739718651e+01
5.292014917606291391e+00
9.093577481059860190e+00
1.549928534712878836e+01
1.888048802490997602e+01
1.495333899289304469e+01
1.978313186863916684e+01
1.262216686739555627e+01
1.833454167067423057e+01
1.169772278367521956e+01
1.631820487848240830e+01
3.654175854899059495e+00
4.116397896759228736e+00
4.286374210268394336e+01
1.915346120202784519e+01
4.315851551979297795e+01
2.948631810011370646e+01
2.520247157860332976e+01
1.352481071112474709e+01
2.121166015040746089e+01
2.179946866083099621e+01
4.351521300928641978e+01
2.221982854650337202e+01
2.763742993267302950e+01
2.312247239023256640e+01
2.471844929675201286e+01
2.016162959812375988e+01
1.161399847129964336e+01
3.612313698711272281e+00
9.870634856225690257e+00
1.598156930518559804e+01
3.885286875829144115e+00
1.033285689808586127e+01
1.247478015884104785e+01
3.379196486161522728e+01
3.502950595484671936e+01
1.810343064974414418e+01
3.612313698711272281e+00
3.885286875829144115e+00
1.734643519077495455e+01
1.033285689808586127e+01
1.100438972088496392e+01
3.612313698711272281e+00
2.410884054633732987e+01
1.457484126340845165e+01
7.959822616400585638e+00
1.033285689808586127e+01
3.597575027855820906e+01
9.282826345802156709e+00
2.161021979608869614e+01
2.746998130792188064e+01
4.620482094807185192e+00
7.770573751658288231e+00
5.481263782348588798e+00
1.142474960655734861e+01
1.833454167067423057e+01
1.507892546145640900e+01
2.116979799421967456e+01
9.324688501989946587e+00
2.526439565098775475e+01
1.780865723263513090e+01
9.324688501989946587e+00
1.463850365958738386e+01
1.138288745036956229e+01
1.096252756469717760e+01
2.282769897312354601e+01
3.885286875829144115e+00
3.885286875829144115e+00
1.493153875290189703e+01
1.041658121046143393e+01
4.893455271925057026e+00
2.047646493142941893e+01
3.452542175679876379e+01
3.146079273611774596e+01
9.786910543850114053e+00
1.883862586872218969e+01
3.185935238179897766e+01
2.660919962038047615e+01
4.893455271925057026e+00
1.331549993018581191e+01
6.069072292772119681e+00
7.770573751658288231e+00
1.165586062748743323e+01
1.581412068043444741e+01
8.274657949706245574e+00
4.977179584300632342e+00
2.545364451573005127e+01
2.270211250456018703e+01
1.106805211706389969e+01
3.381202677781186772e+00
3.637430992423944076e+01
1.138288745036956229e+01
1.472222797196296007e+01
2.303874807785699375e+01
3.967178828964505755e+01
1.348294855493696076e+01
1.134102529418177419e+01
1.165586062748743323e+01
8.043546928776160954e+00
2.165208195227648247e+01
2.996860205817051082e+01
1.573039636805887298e+01
3.185935238179897766e+01
2.641995075563817963e+01
3.612313698711272281e+00
1.522631217001091564e+01
2.723887028699179425e+01
2.381580545302282204e+01
1.577225852424666286e+01
1.526817432619870374e+01
1.705340009746044672e+01
4.809209462411130431e+01
8.547631126824116521e+00
1.266402902358334437e+01
1.554114750331657646e+01
3.381202677781186772e+00
3.885286875829144115e+00
1.745195974314168197e+01
4.706386431181875452e+01
7.812435907846075445e+00
7.308351709798118989e+00
2.916974444301353842e+01
2.423616533869520140e+01
1.293700220070121709e+01
1.709526225364823304e+01
1.444925479484508912e+01
7.539462730728204498e+00
1.110991427325168601e+01
1.717898656602380569e+01
5.670512647090887093e+00
2.314427263022371406e+01
9.324688501989946587e+00
1.573039636805887298e+01
2.144277117133754729e+01
1.197069596079309228e+01
5.439401626160802472e+00
1.604523170136453203e+01
1.398703275298491988e+01
1.270589117977113247e+01
3.885286875829144115e+00
1.541556103475321571e+01
1.577225852424666286e+01
1.192883380460530418e+01
4.032152087245301431e+01
1.713712440983602292e+01
1.320997537781908981e+01
2.799412742216648198e+01
5.124566292855141647e+00
3.897845522685480546e+01
3.091310805808749862e+01
2.704962142224949417e+01
1.892235018109776234e+01
1.033285689808586127e+01
2.520247157860332976e+01
1.833454167067423057e+01
1.064769223139151855e+01
8.862466460129777346e+00
2.942265570393476892e+01
2.759556777648524317e+01
1.663304021178806735e+01
3.612313698711272281e+00
9.093577481059860190e+00
1.545742319094100203e+01
9.597661679107817534e+00
3.885286875829144115e+00
1.709526225364823304e+01
1.335736208637360001e+01
5.943485824208758039e+00
2.129538446278303709e+01
3.036890002764625862e+01
1.764120860788398204e+01
7.455738418352628294e+00
2.129538446278303709e+01
2.203057968176107906e+01
3.005232637054609057e+01
7.812435907846075445e+00
1.110991427325168601e+01
6.216459001326630762e+00
1.476409012815074995e+01
3.843424719641357346e+00
3.612313698711272281e+00
3.605947459093378882e+01
3.381202677781186772e+00
3.612313698711272281e+00
1.083694109613381684e+01
1.335736208637360001e+01
2.408877863014069476e+01
1.033285689808586127e+01
3.612313698711272281e+00
1.650745374322470482e+01
2.898223390206575090e+01
1.623448056610683210e+01
7.224627397422544561e+00
1.102618996087611336e+01
3.843424719641357346e+00
4.112037848760999736e+01
8.673217595387477274e+00
3.633244776805165799e+01
9.093577481059860190e+00
9.555799522920029432e+00
9.639523835295605636e+00
2.129538446278303709e+01
1.449111695103287545e+01
1.604523170136453203e+01
3.612313698711272281e+00
1.297886435688900519e+01
1.480595228433853805e+01
3.381202677781186772e+00
1.600336954517674570e+01
3.654175854899059495e+00
1.965754540007580786e+01
1.379778388824262159e+01
1.829267951448644780e+01
1.686415123271815020e+01
2.037094037906269861e+01
2.379400521303167082e+01
1.444925479484508912e+01
3.612313698711272281e+00
3.612313698711272281e+00
2.144277117133754729e+01
3.511496859101680457e+01
2.377394329683503216e+01
3.150091656851102595e+00
2.152649548371312349e+01
3.612313698711272281e+00
1.092066540850938949e+01
1.312625106544351539e+01
2.047646493142941893e+01
1.449111695103287545e+01
2.746998130792188064e+01
4.116397896759228736e+00
1.348294855493696076e+01
1.188697164841751608e+01
1.320997537781908981e+01
1.129916313799398608e+01
1.033285689808586127e+01
3.740254023653199766e+01
1.106805211706389969e+01
3.654175854899059495e+00
3.574463925762812977e+01
4.389371073877100571e+00
1.627634272229461843e+01
7.266489553610330887e+00
1.356667286731253697e+01
2.541178235954226494e+01
1.129916313799398608e+01
1.654931589941249115e+01
1.188697164841751608e+01
3.028343739147618052e+01
2.440361396344635381e+01
1.407075706536049431e+01
9.135439637247650069e+00
7.266489553610330887e+00
5.533852226152498588e+01
9.870634856225690257e+00
4.893455271925057026e+00
3.187941429799561277e+01
9.555799522920029432e+00
1.476409012815074995e+01
1.444925479484508912e+01
5.628650490903098991e+00
4.662344250994973294e+00
6.174596845138843548e+00
9.870634856225690257e+00
4.893455271925057026e+00
4.158260052947016838e+00
1.768307076407176837e+01
1.278961549214671045e+01
9.282826345802156709e+00
1.705340009746044672e+01
2.623070189089588311e+01
7.770573751658288231e+00
2.194685536938550641e+01
2.700775926606170785e+01
3.612313698711272281e+00
1.192883380460530418e+01
1.531003648238649362e+01
1.682228907653036387e+01
2.587400440140243418e+01
2.268205058836354837e+01
2.774295448503975337e+01
1.024913258571028329e+01
8.505768970636328419e+00
3.612313698711272281e+00
7.728711595470501017e+00
2.572661769284792754e+01
2.994854014197387571e+01
5.397539469973014370e+00
2.140090901514976096e+01
3.654175854899059495e+00
1.488967659671410892e+01
1.197069596079309228e+01
2.492949840148545704e+01
2.490769816149430937e+01
8.820604303941991020e+00
1.413441946153942652e+01
3.381202677781186772e+00
3.612313698711272281e+00
1.503706330526861734e+01
8.778742147754201142e+00
1.650745374322470482e+01
4.662344250994973294e+00
1.650745374322470482e+01
1.064769223139151855e+01
1.600336954517674570e+01
1.270589117977113247e+01
6.489432178444502597e+00
8.358382262081820002e+00
5.960230686683873103e+01
1.115177642943947767e+01
2.326985909878708014e+01
4.893455271925057026e+00
1.092066540850938949e+01
1.663304021178806735e+01
8.149071481142883044e+00
4.431233230064888673e+00
3.568097686144918868e+01
1.549928534712878836e+01
6.993516376492459941e+00
3.162824136086889482e+01
3.381202677781186772e+00
8.001684772588372851e+00
2.007790528574818723e+01
4.662344250994973294e+00
2.200877944176992784e+01
3.381202677781186772e+00
2.255472579600567684e+01
1.398703275298491988e+01
1.864937700397989317e+01
3.885286875829144115e+00
1.220180698172317690e+01
1.247478015884104785e+01
9.555799522920029432e+00
1.270589117977113247e+01
7.266489553610330887e+00
3.381202677781186772e+00
3.381202677781186772e+00
2.070757595235950532e+01
1.728451111839053311e+01
1.888048802490997602e+01
8.736879991566414816e+00
2.574841793283907521e+01
4.620482094807185192e+00
6.174596845138843548e+00
8.967991012496499437e+00
1.751562213932061596e+01
8.505768970636328419e+00
4.893455271925057026e+00
8.274657949706245574e+00
3.612313698711272281e+00
3.150091656851102595e+00
3.612313698711272281e+00
1.942643437914572146e+01
2.039274061905384627e+01
1.913166096203669753e+01
3.612313698711272281e+00
1.776679507644734102e+01
3.843424719641357346e+00
2.606325326614473070e+01
1.701153794127265684e+01
1.087880325232160494e+01
6.258321157514417088e+00
2.429808941107962994e+01
2.889850958969017825e+01
7.266489553610330887e+00
2.215616615032443448e+01
3.091310805808749862e+01
1.234919369027768710e+01
5.943485824208758039e+00
1.837640382686202045e+01
4.389371073877100571e+00
1.087880325232160494e+01
1.736823543076610576e+01
1.390330844060934545e+01
1.554114750331657646e+01
3.017965116290395855e+01
1.644379134704576373e+01
4.116397896759228736e+00
1.014360803334356120e+01
1.701153794127265684e+01
1.363033526349147095e+01
2.478211169293094684e+01
1.079507893994602874e+01
2.230355285887895533e+01
1.010174587715577310e+01
1.713712440983602292e+01
1.184510949222972975e+01
1.736823543076610576e+01
1.472222797196296007e+01
3.519869290339238432e+01
1.115177642943947767e+01
1.106805211706389969e+01
1.083694109613381684e+01
1.312625106544351539e+01
2.058198948379614368e+00
9.870634856225690257e+00
1.142474960655734861e+01
1.197069596079309228e+01
6.489432178444502597e+00
3.181749022561119489e+01
1.157213631511185703e+01
2.526439565098775475e+01
1.056396791901594412e+01
1.930084791058235894e+01
2.637808859945038975e+01
3.188115262179012888e+01
2.373208114064724938e+01
1.297886435688900519e+01
1.068955438757930487e+01
2.297508568167805265e+01
3.381202677781186772e+00
1.728451111839053311e+01
9.093577481059860190e+00
1.799790609737742386e+01
1.507892546145640900e+01
2.257652603599682450e+01
1.331549993018581191e+01
2.436175180725856393e+01
2.513880918242439222e+01
8.820604303941991020e+00
1.495333899289304469e+01
3.612313698711272281e+00
3.582836357000369532e+01
1.371405957586704716e+01
1.663304021178806735e+01
1.234919369027768710e+01
2.952818025630149990e+01
1.356667286731253697e+01
4.116397896759228736e+00
1.421814377391500273e+01
9.093577481059860190e+00
1.961568324388801798e+01
2.121166015040746089e+01
7.539462730728204498e+00
4.301112881123845000e+01
2.843628754783000545e+01
1.037471905427364582e+01
2.167388219226763368e+01
3.885286875829144115e+00
1.864937700397989317e+01
8.736879991566414816e+00
2.518067133861217854e+01
1.356667286731253697e+01
1.495333899289304469e+01
1.930084791058235894e+01
3.259454760077701962e+01
2.444547611963414013e+01
4.431233230064888673e+00
2.121166015040746089e+01
3.150091656851102595e+00
1.999418097337261457e+01
3.748800287270208287e+01
5.439401626160802472e+00
4.750428611368777609e+01
3.580830165380706376e+01
8.043546928776160954e+00
8.274657949706245574e+00
9.555799522920029432e+00
1.010174587715577310e+01
1.092066540850938949e+01
2.328992101498371525e+01
3.612313698711272281e+00
7.224627397422544561e+00
6.720543199374587218e+00
1.052210576282815779e+01
1.581412068043444741e+01
1.083694109613381684e+01
9.324688501989946587e+00
3.060001104857634502e+01
2.016162959812375988e+01
1.110991427325168601e+01
9.051715324872072088e+00
1.491147683670525659e+01
3.612313698711272281e+00
1.663304021178806735e+01
3.885286875829144115e+00
1.010174587715577310e+01
1.503706330526861734e+01
2.085496266091401907e+01
6.562951700342307504e+01
1.211808266934760070e+01
1.087880325232160494e+01
1.724264896220274323e+01
9.555799522920029432e+00
4.662344250994973294e+00
1.255850447121662405e+01
3.381202677781186772e+00
1.184510949222972975e+01
2.240907741124567210e+01
2.394139192158618457e+01
2.957004241248928267e+01
1.220180698172317690e+01
7.497600574540415508e+00
3.612313698711272281e+00
3.885286875829144115e+00
3.843424719641357346e+00
1.806156849355635785e+01
1.585598283662223729e+01
1.184510949222972975e+01
9.786910543850114053e+00
1.033285689808586127e+01
1.669670260796699779e+01
2.322799694259928671e+01
3.612313698711272281e+00
1.837640382686202045e+01
2.245093956743346197e+01
1.207622051315981260e+01
1.997238073338146336e+01
1.266402902358334437e+01
3.612313698711272281e+00
6.258321157514417088e+00
2.276577490073912458e+01
1.005988372096798678e+01
1.110991427325168601e+01
1.612895601374010823e+01
9.093577481059860190e+00
3.167010351705668825e+01
9.555799522920029432e+00
1.363033526349147095e+01
4.485827865488462152e+01
2.066571379617172255e+01
2.016162959812375988e+01
1.678042692034257399e+01
9.555799522920029432e+00
1.178144709605079399e+01
1.056396791901594412e+01
3.041076218383404495e+01
9.597661679107817534e+00
1.923718551440342495e+01
2.965376672486485887e+01
1.631820487848240830e+01
2.824703868308771249e+01
1.251664231502883418e+01
9.555799522920029432e+00
9.786910543850114053e+00
1.251664231502883418e+01
2.236721525505788932e+01
5.943485824208758039e+00
3.379196486161522728e+01
8.820604303941991020e+00
5.754236959466460632e+00
1.115177642943947767e+01
1.001802156478020045e+01
4.116397896759228736e+00
3.255094712079472430e+01
2.921334492299583374e+01
7.497600574540415508e+00
4.116397896759228736e+00
1.581412068043444741e+01
1.064769223139151855e+01
3.381202677781186772e+00
1.554114750331657646e+01
1.064769223139151855e+01
4.620482094807185192e+00
1.608709385755232191e+01
2.635628835945924564e+01
1.957382108770022811e+01
4.116397896759228736e+00
2.423616533869520140e+01
8.862466460129777346e+00
2.450913851581307412e+01
3.612313698711272281e+00
2.035087846286606350e+01
3.381202677781186772e+00
3.173376591323561868e+01
5.712374803278674307e+00
4.389371073877100571e+00
9.051715324872072088e+00
1.079507893994602874e+01
3.612313698711272281e+00
7.497600574540415508e+00
2.654553722420154571e+01
3.885286875829144115e+00
3.612313698711272281e+00
1.417628161772721640e+01
4.826128157265695506e+01
8.085409084963947279e+00
3.381202677781186772e+00
1.965754540007580786e+01
1.787231962881406488e+01
4.431233230064888673e+00
1.184510949222972975e+01
3.864181965355799520e+01
1.879676371253439982e+01
2.347916987972601532e+01
4.116397896759228736e+00
9.555799522920029432e+00
3.381202677781186772e+00
1.728451111839053311e+01
9.366550658177732913e+00
1.650745374322470482e+01
1.822901711830751026e+01
1.079507893994602874e+01
3.381202677781186772e+00
3.843424719641357346e+00
3.381202677781186772e+00
1.102618996087611336e+01
3.885286875829144115e+00
1.608709385755232191e+01
3.381202677781186772e+00
1.266402902358334437e+01
1.115177642943947767e+01
2.977935319342821785e+01
1.713712440983602292e+01
3.381202677781186772e+00
1.764120860788398204e+01
9.093577481059860190e+00
3.885286875829144115e+00
9.093577481059860190e+00
9.555799522920029432e+00
1.033285689808586127e+01
8.043546928776160954e+00
1.951015869152129767e+01
1.915346120202784519e+01
1.636006703467019108e+01
3.612313698711272281e+00
9.282826345802156709e+00
4.893455271925057026e+00
1.648565350323355716e+01
1.726271087839938190e+01
1.484781444052632260e+01
1.033285689808586127e+01
1.759934645169619216e+01
8.547631126824116521e+00
6.993516376492459941e+00
1.837640382686202045e+01
4.116397896759228736e+00
1.255850447121662405e+01
3.885286875829144115e+00
2.992673990198272804e+01
8.736879991566414816e+00
1.169772278367521956e+01
9.009853168684285762e+00
1.974126971245138051e+01
9.324688501989946587e+00
9.324688501989946587e+00
3.381202677781186772e+00
1.220180698172317690e+01
1.129916313799398608e+01
1.549928534712878836e+01
9.051715324872072088e+00
1.033285689808586127e+01
3.612313698711272281e+00
6.762405355562373543e+00
1.037471905427364582e+01
4.116397896759228736e+00
1.297886435688900519e+01
2.912962061062026109e+01
2.081310050472623274e+01
4.893455271925057026e+00
1.033285689808586127e+01
5.943485824208758039e+00
9.324688501989946587e+00
2.350097011971716299e+01
1.129916313799398608e+01
1.083694109613381684e+01
4.754614826987555887e+01
9.555799522920029432e+00
1.732637327457832299e+01
2.289136136930248355e+01
1.581412068043444741e+01
8.274657949706245574e+00
1.134102529418177419e+01
3.612313698711272281e+00
3.381202677781186772e+00
1.320997537781908981e+01
1.522631217001091564e+01
1.142474960655734861e+01
2.440361396344635381e+01
4.389371073877100571e+00
3.612313698711272281e+00
9.324688501989946587e+00
4.893455271925057026e+00
2.217796639031558925e+01
1.056396791901594412e+01
1.289514004451343077e+01
1.110991427325168601e+01
1.783045747262627501e+01
3.885286875829144115e+00
1.732637327457832299e+01
2.242913932744231076e+01
1.184510949222972975e+01
9.555799522920029432e+00
1.923718551440342495e+01
1.045844336664922203e+01
1.207622051315981260e+01
3.885286875829144115e+00
2.152649548371312349e+01
6.531294334632290699e+00
8.274657949706245574e+00
1.029099474189807317e+01
2.054012732760835647e+01
5.943485824208758039e+00
2.385766760921060836e+01
9.912497012413476583e+00
1.110991427325168601e+01
1.184510949222972975e+01
1.157213631511185703e+01
1.293700220070121709e+01
1.549928534712878836e+01
3.612313698711272281e+00
1.033285689808586127e+01
1.728451111839053311e+01
3.885286875829144115e+00
6.993516376492459941e+00
1.713712440983602292e+01
3.885286875829144115e+00
1.119363858562726222e+01
2.667112369276490469e+01
7.770573751658288231e+00
3.885286875829144115e+00
1.503706330526861734e+01
3.381202677781186772e+00
3.654175854899059495e+00
4.662344250994973294e+00
3.612313698711272281e+00
3.885286875829144115e+00
3.381202677781186772e+00
7.497600574540415508e+00
3.612313698711272281e+00
6.474519675209599257e+01
2.118985991041631323e+01
3.885286875829144115e+00
1.180324733604193987e+01
1.371405957586704716e+01
3.372830246543630039e+01
2.706968333844613994e+01
1.728451111839053311e+01
3.259454760077701962e+01
1.978313186863916684e+01
8.001684772588372851e+00
2.984301558960715184e+01
2.171574434845542356e+01
2.452920043200971634e+01
9.324688501989946587e+00
1.682228907653036387e+01
1.906973688965227254e+01
5.397539469973014370e+00
1.495333899289304469e+01
1.157213631511185703e+01
3.612313698711272281e+00
3.154451704849332572e+01
4.389371073877100571e+00
1.157213631511185703e+01
2.087502457711065418e+01
4.662344250994973294e+00
1.348294855493696076e+01
1.056396791901594412e+01
3.381202677781186772e+00
9.912497012413476583e+00
1.129916313799398608e+01
1.056396791901594412e+01
3.414866235110867621e+01
2.062385163998393622e+01
1.087880325232160494e+01
9.093577481059860190e+00
1.585598283662223729e+01
1.289514004451343077e+01
9.324688501989946587e+00
1.165586062748743323e+01
1.402889490917270621e+01
3.885286875829144115e+00
1.115177642943947767e+01
1.751562213932061596e+01
1.755748429550840228e+01
1.339922424256138811e+01
2.116979799421967456e+01
4.935317428112845128e+00
9.324688501989946587e+00
8.547631126824116521e+00
6.846129667937949748e+00
8.043546928776160954e+00
2.673478608894383868e+01
3.885286875829144115e+00
6.720543199374587218e+00
4.620482094807185192e+00
2.404691647395290488e+01
6.993516376492459941e+00
2.971742912104379286e+01
3.885286875829144115e+00
9.555799522920029432e+00
1.434373024247836526e+01
4.893455271925057026e+00
9.870634856225690257e+00
2.230355285887895533e+01
3.612313698711272281e+00
1.293700220070121709e+01
3.612313698711272281e+00
2.513880918242439222e+01
1.875490155634661349e+01
3.727869209176314058e+01
1.965754540007580786e+01
1.161399847129964336e+01
8.043546928776160954e+00
3.786650060218666880e+01
3.612313698711272281e+00
1.033285689808586127e+01
1.627634272229461843e+01
2.690223471369498753e+01
2.639815051564703197e+01
1.293700220070121709e+01
2.028721606668712241e+01
2.982295367341051318e+01
1.018547018953134931e+01
1.911159904584005886e+01
9.324688501989946587e+00
5.124566292855141647e+00
1.123550074181505209e+01
1.535189863857427994e+01
4.158260052947016838e+00
7.266489553610330887e+00
2.749178154791302831e+01
1.371405957586704716e+01
8.778742147754201142e+00
2.450913851581307412e+01
2.326985909878708014e+01
3.381202677781186772e+00
8.778742147754201142e+00
1.289514004451343077e+01
1.285327788832564622e+01
3.654175854899059495e+00
5.208290605230716963e+00
9.093577481059860190e+00
8.085409084963947279e+00
5.166428449042930637e+00
9.555799522920029432e+00
3.654175854899059495e+00
8.505768970636328419e+00
3.437977337203876971e+01
1.612895601374010823e+01
3.721502969558421370e+01
1.064769223139151855e+01
7.346201482746577938e+01
6.804267511750161646e+00
2.455100067200086400e+01
1.033285689808586127e+01
2.740631891174294310e+01
9.324688501989946587e+00
5.439401626160802472e+00
9.555799522920029432e+00
1.888048802490997602e+01
1.138288745036956229e+01
1.379778388824262159e+01
2.446727635962528780e+01
5.019041740488420444e+00
1.755748429550840228e+01
9.093577481059860190e+00
6.447570022256715383e+00
1.010174587715577310e+01
1.056396791901594412e+01
1.033285689808586127e+01
1.129916313799398608e+01
2.371028090065609817e+01
1.965754540007580786e+01
1.165586062748743323e+01
1.184510949222972975e+01
1.732637327457832299e+01
1.608709385755232191e+01
2.757376753649409906e+01
6.447570022256715383e+00
1.115177642943947767e+01
4.116397896759228736e+00
1.430186808629057715e+01
1.783045747262627501e+01
2.062385163998393622e+01
1.736823543076610576e+01
2.043460277524163260e+01
4.700194023943432597e+01
7.497600574540415508e+00
4.473095386252674999e+00
9.093577481059860190e+00
3.150091656851102595e+00
4.662344250994973294e+00
1.266402902358334437e+01
9.324688501989946587e+00
2.194685536938550641e+01
1.010174587715577310e+01
2.591586655759022051e+01
2.167388219226763368e+01
1.682228907653036387e+01
8.001684772588372851e+00
1.974126971245138051e+01
9.093577481059860190e+00
8.274657949706245574e+00
9.324688501989946587e+00
2.847814970401779533e+01
2.240907741124567210e+01
1.930084791058235894e+01
2.032907822287491229e+01
5.573708190720622468e+01
6.174596845138843548e+00
2.192505512939435519e+01
3.507136811103451635e+01
5.124566292855141647e+00
2.284949921311469723e+01
1.413441946153942652e+01
3.612313698711272281e+00
7.224627397422544561e+00
2.125352230659524722e+01
4.859791714595377243e+01
6.258321157514417088e+00
2.738625699554630799e+01
1.010174587715577310e+01
1.289514004451343077e+01
2.885664743350238837e+01
2.545364451573005127e+01
2.003604312956040090e+01
7.497600574540415508e+00
1.215994482553538880e+01
2.738625699554630799e+01
1.860751484779210685e+01
1.531003648238649362e+01
1.585598283662223729e+01
1.161399847129964336e+01
9.555799522920029432e+00
2.927526899538025873e+01
9.324688501989946587e+00
2.266025034837239716e+01
4.935317428112845128e+00
7.770573751658288231e+00
1.262216686739555627e+01
1.449111695103287545e+01
3.885286875829144115e+00
4.660164226995858883e+01
6.489432178444502597e+00
1.577225852424666286e+01
9.324688501989946587e+00
9.093577481059860190e+00
1.820895520211087160e+01
6.405707866068928169e+00
3.885286875829144115e+00
4.893455271925057026e+00
1.005988372096798678e+01
3.612313698711272281e+00
2.660919962038047615e+01
2.536992020335447862e+01
1.577225852424666286e+01
3.612313698711272281e+00
1.110991427325168601e+01
3.654175854899059495e+00
1.919532335821563507e+01
4.893455271925057026e+00
2.106427344185295070e+01
4.431233230064888673e+00
3.612313698711272281e+00
3.381202677781186772e+00
4.620482094807185192e+00
1.010174587715577310e+01
8.547631126824116521e+00
3.612313698711272281e+00
1.627634272229461843e+01
3.274193430933154048e+01
1.010174587715577310e+01
4.620482094807185192e+00
1.243291800265326152e+01
1.444925479484508912e+01
2.692403495368613520e+01
2.318613478641150039e+01
2.137910877515860975e+01
1.398703275298491988e+01
9.093577481059860190e+00
1.014360803334356120e+01
4.893455271925057026e+00
1.262216686739555627e+01
4.116397896759228736e+00
1.056396791901594412e+01
1.453297910722066177e+01
9.324688501989946587e+00
4.116397896759228736e+00
1.056396791901594412e+01
1.705340009746044672e+01
1.608709385755232191e+01
3.654175854899059495e+00
2.284949921311469723e+01
1.018547018953134931e+01
7.455738418352628294e+00
3.885286875829144115e+00
4.044884566481088939e+01
4.116397896759228736e+00
3.885286875829144115e+00
3.998662362295072370e+01
3.612313698711272281e+00
9.786910543850114053e+00
2.331172125497486647e+01
1.612895601374010823e+01
1.041658121046143393e+01
9.786910543850114053e+00
3.381202677781186772e+00
3.217418771510464381e+01
1.285327788832564622e+01
4.893455271925057026e+00
9.555799522920029432e+00
1.659117805560028103e+01
1.092066540850938949e+01
1.942643437914572146e+01
8.001684772588372851e+00
1.600336954517674570e+01
1.608709385755232191e+01
1.877496347254325570e+01
1.192883380460530418e+01
9.870634856225690257e+00
1.426000593010279260e+01
8.820604303941991020e+00
1.402889490917270621e+01
1.041658121046143393e+01
1.383964604443040614e+01
2.093868697328959172e+01
2.253466387980904173e+01
1.234919369027768710e+01
4.893455271925057026e+00
1.421814377391500273e+01
1.554114750331657646e+01
1.449111695103287545e+01
9.009853168684285762e+00
5.943485824208758039e+00
8.778742147754201142e+00
9.786910543850114053e+00
4.431233230064888673e+00
4.116397896759228736e+00
1.759934645169619216e+01
9.870634856225690257e+00
8.505768970636328419e+00
1.421814377391500273e+01
5.439401626160802472e+00
1.531003648238649362e+01
8.274657949706245574e+00
6.216459001326630762e+00
4.158260052947016838e+00
3.654175854899059495e+00
1.457484126340845165e+01
2.001424288956925324e+01
9.051715324872072088e+00
2.908775845443247121e+01
9.408412814365521015e+00
1.402889490917270621e+01
4.431233230064888673e+00
1.755748429550840228e+01
1.165586062748743323e+01
2.043460277524163260e+01
1.394517059679713178e+01
2.770109232885196704e+01
3.278379646551932325e+01
1.507892546145640900e+01
5.124566292855141647e+00
9.555799522920029432e+00
1.589784499281002184e+01
3.505130619483787058e+01
1.375592173205483526e+01
3.654175854899059495e+00
3.885286875829144115e+00
1.430186808629057715e+01
8.778742147754201142e+00
1.495333899289304469e+01
3.612313698711272281e+00
1.713712440983602292e+01
8.505768970636328419e+00
3.612313698711272281e+00
2.778481664122753614e+01
2.121166015040746089e+01
2.883484719351124070e+01
9.555799522920029432e+00
1.060583007520373044e+01
2.742811915173409432e+01
2.389952976539839469e+01
3.011598876672502811e+01
2.400505431776511500e+01
4.116397896759228736e+00
7.497600574540415508e+00
9.555799522920029432e+00
3.654175854899059495e+00
2.284949921311469723e+01
4.116397896759228736e+00
1.875490155634661349e+01
2.576847984903571387e+01
1.678042692034257399e+01
2.814151413072098862e+01
3.381202677781186772e+00
9.093577481059860190e+00
1.686415123271815020e+01
1.875490155634661349e+01
3.381202677781186772e+00
3.381202677781186772e+00
3.150091656851102595e+00
1.837640382686202045e+01
9.639523835295605636e+00
1.192883380460530418e+01
1.014360803334356120e+01
1.665484045177921146e+01
2.098054912947737805e+01
5.397539469973014370e+00
5.943485824208758039e+00
1.650745374322470482e+01
1.297886435688900519e+01
1.919532335821563507e+01
1.577225852424666286e+01
1.953195893151244178e+01
1.096252756469717760e+01
3.612313698711272281e+00
1.741009758695389564e+01
7.770573751658288231e+00
2.125352230659524722e+01
4.116397896759228736e+00
3.381202677781186772e+00
7.266489553610330887e+00
1.961568324388801798e+01
1.526817432619870374e+01
1.262216686739555627e+01
2.039274061905384627e+01
9.324688501989946587e+00
4.868164145832934508e+01
6.951654220304672727e+00
2.467658714056422653e+01
1.014360803334356120e+01
3.885286875829144115e+00
3.381202677781186772e+00
2.179946866083099621e+01
2.797406550596983976e+01
1.348294855493696076e+01
3.034709978765511096e+01
1.184510949222972975e+01
1.783045747262627501e+01
2.125352230659524722e+01
8.547631126824116521e+00
2.066571379617172255e+01
9.324688501989946587e+00
4.116397896759228736e+00
3.381202677781186772e+00
1.215994482553538880e+01
1.507892546145640900e+01
1.033285689808586127e+01
3.381202677781186772e+00
6.216459001326630762e+00
1.495333899289304469e+01
3.612313698711272281e+00
1.650745374322470482e+01
9.324688501989946587e+00
3.885286875829144115e+00
5.124566292855141647e+00
2.482397384911873672e+01
1.142474960655734861e+01
7.266489553610330887e+00
2.862553641257230552e+01
1.142474960655734861e+01
9.282826345802156709e+00
3.120788147519651190e+01
9.555799522920029432e+00
1.115177642943947767e+01
1.612895601374010823e+01
2.140090901514976096e+01
5.166428449042930637e+00
1.010174587715577310e+01
2.051832708761720880e+01
1.138288745036956229e+01
4.389371073877100571e+00
1.900607449347333855e+01
6.993516376492459941e+00
1.783045747262627501e+01
3.612313698711272281e+00
1.060583007520373044e+01
1.600336954517674570e+01
3.381202677781186772e+00
4.893455271925057026e+00
1.037471905427364582e+01
9.324688501989946587e+00
3.612313698711272281e+00
3.885286875829144115e+00
1.161399847129964336e+01
3.381202677781186772e+00
1.783045747262627501e+01
1.033285689808586127e+01
7.812435907846075445e+00
2.280763705692690735e+01
3.381202677781186772e+00
3.885286875829144115e+00
3.885286875829144115e+00
1.239105584646547342e+01
1.690601338890594008e+01
2.423616533869520140e+01
1.768307076407176837e+01
3.654175854899059495e+00
3.612313698711272281e+00
2.020349175431154620e+01
3.612313698711272281e+00
2.377394329683503216e+01
1.029099474189807317e+01
1.841826598304980678e+01
2.148463332752533717e+01
3.612313698711272281e+00
9.555799522920029432e+00
3.381202677781186772e+00
1.316811322163130171e+01
2.194685536938550641e+01
9.555799522920029432e+00
2.184133081701877899e+01
1.753568405551725817e+01
3.612313698711272281e+00
8.631355439199690949e+00
1.741009758695389564e+01
1.453297910722066177e+01
3.612313698711272281e+00
1.312625106544351539e+01
7.770573751658288231e+00
1.701153794127265684e+01
1.636006703467019108e+01
2.824703868308771249e+01
4.158260052947016838e+00
8.862466460129777346e+00
1.270589117977113247e+01
1.329369969019466602e+01
2.106427344185295070e+01
1.673856476415478767e+01
1.142474960655734861e+01
2.024535391049933608e+01
1.833454167067423057e+01
3.885286875829144115e+00
1.056396791901594412e+01
1.165586062748743323e+01
1.526817432619870374e+01
1.092066540850938949e+01
2.457106258819750622e+01
2.106427344185295070e+01
1.778859531643848868e+01
3.885286875829144115e+00
1.106805211706389969e+01
8.820604303941991020e+00
5.712374803278674307e+00
4.893455271925057026e+00
1.596150738898895938e+01
4.416668391588888198e+01
1.302072651307679152e+01
4.662344250994973294e+00
9.324688501989946587e+00
1.308438890925572728e+01
1.211808266934760070e+01
1.701153794127265684e+01
1.751562213932061596e+01
9.870634856225690257e+00
3.542980392432246362e+01
9.093577481059860190e+00
5.124566292855141647e+00
1.033285689808586127e+01
3.654175854899059495e+00
8.778742147754201142e+00
2.587400440140243418e+01
2.247100148363010419e+01
1.906973688965227254e+01
2.369021898445945951e+01
9.324688501989946587e+00
2.213610423412779937e+01
1.663304021178806735e+01
1.129916313799398608e+01
1.010174587715577310e+01
9.555799522920029432e+00
1.631820487848240830e+01
9.324688501989946587e+00
2.421436509870405729e+01
1.938457222295793159e+01
8.085409084963947279e+00
7.266489553610330887e+00
7.770573751658288231e+00
1.033285689808586127e+01
2.169394410846427235e+01
1.060583007520373044e+01
1.856565269160431342e+01
8.001684772588372851e+00
1.919532335821563507e+01
1.005988372096798678e+01
1.747375998313282963e+01
4.662344250994973294e+00
4.704206407182760508e+00
1.161399847129964336e+01
1.045844336664922203e+01
2.144277117133754729e+01
2.423616533869520140e+01
2.280763705692690735e+01
1.270589117977113247e+01
1.106805211706389969e+01
7.224627397422544561e+00
2.971742912104379286e+01
1.344108639874917444e+01
2.805778981834541241e+01
5.166428449042930637e+00
2.226169070269116546e+01
1.791418178500184766e+01
9.324688501989946587e+00
1.092066540850938949e+01
2.494956031768209570e+01
2.536992020335447862e+01
4.893455271925057026e+00
2.045640301523278382e+01
1.398703275298491988e+01
1.619261840991904222e+01
9.786910543850114053e+00
1.239105584646547342e+01
2.194685536938550641e+01
8.589493283011902847e+00
4.662344250994973294e+00
1.444925479484508912e+01
6.762405355562373543e+00
6.720543199374587218e+00
1.631820487848240830e+01
2.467658714056422653e+01
1.033285689808586127e+01
1.215994482553538880e+01
2.043460277524163260e+01
6.993516376492459941e+00
2.902409605825353722e+01
4.431233230064888673e+00
2.509694702623660234e+01
3.612313698711272281e+00
1.320997537781908981e+01
8.505768970636328419e+00
6.720543199374587218e+00
2.467658714056422653e+01
1.251664231502883418e+01
2.877118479733230316e+00
1.535189863857427994e+01
2.675658632893498989e+01
1.215994482553538880e+01
8.820604303941991020e+00
1.087880325232160494e+01
1.573039636805887298e+01
1.134102529418177419e+01
1.499520114908083102e+01
2.156835763990090982e+01
3.612313698711272281e+00
2.345910796352937311e+01
6.090872532763268232e+00
2.163202003607985091e+01
6.489432178444502597e+00
1.705340009746044672e+01
1.751562213932061596e+01
9.912497012413476583e+00
1.192883380460530418e+01
1.810343064974414418e+01
1.383964604443040614e+01
7.035378532680247154e+00
3.612313698711272281e+00
1.827087927449530014e+01
9.639523835295605636e+00
3.612313698711272281e+00
5.124566292855141647e+00
4.431233230064888673e+00
7.812435907846075445e+00
2.125352230659524722e+01
2.889850958969017825e+01
2.665106177656826603e+01
5.208290605230716963e+00
1.453297910722066177e+01
3.885286875829144115e+00
9.870634856225690257e+00
5.124566292855141647e+00
3.381202677781186772e+00
1.184510949222972975e+01
5.124566292855141647e+00
3.104043285044535949e+01
3.127154387137544944e+01
2.161021979608869614e+01
6.762405355562373543e+00
2.083316242092286785e+01
4.347508917689314245e+00
4.116397896759228736e+00
1.010174587715577310e+01
2.024535391049933608e+01
9.009853168684285762e+00
3.927149032016931773e+00
3.612313698711272281e+00
7.497600574540415508e+00
8.274657949706245574e+00
1.123550074181505209e+01
4.116397896759228736e+00
3.612313698711272281e+00
2.230355285887895533e+01
9.555799522920029432e+00
2.707142166224064539e+01
1.860751484779210685e+01
3.381202677781186772e+00
1.472222797196296007e+01
7.728711595470501017e+00
1.215994482553538880e+01
1.243291800265326152e+01
3.381202677781186772e+00
8.547631126824116521e+00
1.197069596079309228e+01
2.385766760921060836e+01
1.549928534712878836e+01
5.397539469973014370e+00
8.316520105894033676e+00
1.453297910722066177e+01
4.893455271925057026e+00
3.612313698711272281e+00
3.381202677781186772e+00
8.778742147754201142e+00
1.426000593010279260e+01
3.885286875829144115e+00
2.366841874446831540e+01
9.324688501989946587e+00
3.341346713213064135e+01
9.555799522920029432e+00
1.033285689808586127e+01
9.324688501989946587e+00
1.883862586872218969e+01
2.066571379617172255e+01
2.215616615032443448e+01
3.612313698711272281e+00
1.234919369027768710e+01
2.350097011971716299e+01
1.701153794127265684e+01
3.381202677781186772e+00
8.232795793518457472e+00
9.555799522920029432e+00
6.804267511750161646e+00
9.093577481059860190e+00
9.324688501989946587e+00
1.087880325232160494e+01
1.348294855493696076e+01
3.339340521593400002e+00
1.161399847129964336e+01
4.977179584300632342e+00
3.885286875829144115e+00
1.211808266934760070e+01
9.051715324872072088e+00
1.709526225364823304e+01
1.470042773197181418e+01
2.877118479733230316e+00
4.116397896759228736e+00
4.746068563370547722e+00
1.549928534712878836e+01
3.381202677781186772e+00
1.682228907653036387e+01
9.555799522920029432e+00
8.778742147754201142e+00
9.324688501989946587e+00
1.963574516008465665e+01
7.035378532680247154e+00
7.770573751658288231e+00
8.820604303941991020e+00
1.892235018109776234e+01
3.612313698711272281e+00
1.619261840991904222e+01
2.257652603599682450e+01
3.616499914330050558e+01
9.324688501989946587e+00
3.612313698711272281e+00
1.390330844060934545e+01
1.581412068043444741e+01
3.885286875829144115e+00
1.818715496211972038e+01
1.402889490917270621e+01
1.642372943084912862e+01
3.612313698711272281e+00
2.828890083927549881e+01
1.150847391893292126e+01
1.169772278367521956e+01
3.404313779874195944e+01
4.389371073877100571e+00
7.497600574540415508e+00
3.654175854899059495e+00
5.901623668020969937e+00
2.299688592166920387e+01
1.134102529418177419e+01
2.028721606668712241e+01
9.093577481059860190e+00
9.555799522920029432e+00
9.051715324872072088e+00
8.001684772588372851e+00
1.604523170136453203e+01
1.033285689808586127e+01
3.612313698711272281e+00
9.093577481059860190e+00
1.892235018109776234e+01
1.110991427325168601e+01
9.093577481059860190e+00
1.056396791901594412e+01
1.211808266934760070e+01
1.274775333595892057e+01
3.612313698711272281e+00
3.612313698711272281e+00
1.056396791901594412e+01
1.518445001382312931e+01
2.696589710987392152e+01
1.211808266934760070e+01
1.312625106544351539e+01
1.581412068043444741e+01
4.662344250994973294e+00
2.450913851581307412e+01
1.243291800265326152e+01
2.116979799421967456e+01
1.358847310730368463e+01
2.536992020335447862e+01
9.555799522920029432e+00
2.906595821444132355e+01
3.043082410003068716e+01
3.349719144450620689e+01
1.234919369027768710e+01
1.751562213932061596e+01
1.033285689808586127e+01
2.541178235954226494e+01
1.320997537781908981e+01
4.389371073877100571e+00
1.554114750331657646e+01
1.724264896220274323e+01
5.166428449042930637e+00
1.266402902358334437e+01
2.089682481710180539e+01
1.188697164841751608e+01
1.772493292025955469e+01
5.481263782348588798e+00
1.888048802490997602e+01
2.116979799421967456e+01
1.713712440983602292e+01
1.138288745036956229e+01
2.952818025630149990e+01
2.770109232885196704e+01
1.056396791901594412e+01
2.532805804716668874e+01
4.158260052947016838e+00
9.366550658177732913e+00
2.303874807785699375e+01
4.893455271925057026e+00
9.324688501989946587e+00
5.208290605230716963e+00
1.056396791901594412e+01
5.397539469973014370e+00
1.110991427325168601e+01
2.833076299546328514e+01
4.620482094807185192e+00
1.134102529418177419e+01
1.619261840991904222e+01
3.654175854899059495e+00
1.993051857719367703e+01
3.612313698711272281e+00
1.696967578508487406e+01
3.738247832033536611e+01
9.870634856225690257e+00
2.217796639031558925e+01
3.612313698711272281e+00
7.539462730728204498e+00
2.362655658828052552e+01
3.381202677781186772e+00
3.818133593549233495e+01
1.806156849355635785e+01
9.093577481059860190e+00
1.188697164841751608e+01
9.597661679107817534e+00
9.324688501989946587e+00
9.093577481059860190e+00
1.056396791901594412e+01
4.116397896759228736e+00
1.822901711830751026e+01
1.014360803334356120e+01
1.375592173205483526e+01
3.150091656851102595e+00
5.208290605230716963e+00
1.079507893994602874e+01
8.043546928776160954e+00
3.885286875829144115e+00
3.654175854899059495e+00
1.923718551440342495e+01
2.999040229816166203e+01
2.194685536938550641e+01
2.910782037062910987e+01
1.883862586872218969e+01
1.243291800265326152e+01
1.052210576282815779e+01
7.266489553610330887e+00
1.480595228433853805e+01
1.764120860788398204e+01
9.828772700037903931e+00
2.852001186020558521e+01
7.224627397422544561e+00
4.794644623935129601e+01
1.371405957586704716e+01
1.092066540850938949e+01
1.033285689808586127e+01
1.728451111839053311e+01
1.472222797196296007e+01
1.110991427325168601e+01
7.959822616400585638e+00
1.188697164841751608e+01
8.001684772588372851e+00
2.211430399413665171e+01
1.302072651307679152e+01
1.709526225364823304e+01
4.389371073877100571e+00
4.420680774828215220e+01
2.144277117133754729e+01
1.421814377391500273e+01
1.134102529418177419e+01
1.289514004451343077e+01
3.654175854899059495e+00
1.383964604443040614e+01
4.116397896759228736e+00
3.612313698711272281e+00
9.324688501989946587e+00
1.115177642943947767e+01
2.501322271386102969e+01
1.934271006677014526e+01
1.568853421187108665e+01
3.654175854899059495e+00
1.056396791901594412e+01
9.093577481059860190e+00
1.157213631511185703e+01
5.712374803278674307e+00
1.083694109613381684e+01
3.698391867465412730e+01
1.787231962881406488e+01
1.608709385755232191e+01
1.052210576282815779e+01
2.654553722420154571e+01
1.577225852424666286e+01
4.158260052947016838e+00
3.654175854899059495e+00
1.581412068043444741e+01
3.885286875829144115e+00
4.884909008308048328e+01
9.324688501989946587e+00
1.018547018953134931e+01
1.978313186863916684e+01
4.389371073877100571e+00
8.274657949706245574e+00
2.385766760921060836e+01
1.459664150339959754e+01
1.192883380460530418e+01
1.604523170136453203e+01
1.682228907653036387e+01
1.883862586872218969e+01
9.366550658177732913e+00
9.282826345802156709e+00
3.885286875829144115e+00
1.230733153408989899e+01
1.394517059679713178e+01
2.295502376548142109e+01
3.612313698711272281e+00
1.398703275298491988e+01
7.770573751658288231e+00
3.885286875829144115e+00
1.663304021178806735e+01
4.662344250994973294e+00
1.134102529418177419e+01
1.358847310730368463e+01
4.662344250994973294e+00
8.862466460129777346e+00
3.381202677781186772e+00
3.612313698711272281e+00
3.885286875829144115e+00
9.513937366732243106e+00
4.431233230064888673e+00
1.837640382686202045e+01
1.667490236797585368e+01
1.184510949222972975e+01
1.115177642943947767e+01
3.654175854899059495e+00
1.161399847129964336e+01
9.093577481059860190e+00
1.344108639874917444e+01
3.219598795509578792e+01
1.293700220070121709e+01
3.612313698711272281e+00
9.282826345802156709e+00
2.026541582669597830e+01
1.741009758695389564e+01
4.893455271925057026e+00
5.670512647090887093e+00
1.787231962881406488e+01
1.142474960655734861e+01
1.320997537781908981e+01
3.885286875829144115e+00
1.717898656602380569e+01
4.431233230064888673e+00
2.822523844309655772e+01
1.215994482553538880e+01
1.157213631511185703e+01
3.612313698711272281e+00
1.169772278367521956e+01
1.379778388824262159e+01
3.106049476664200171e+01
7.497600574540415508e+00
1.281141573213785634e+01
1.161399847129964336e+01
3.261460951697366539e+01
1.005988372096798678e+01
9.555799522920029432e+00
9.324688501989946587e+00
1.157213631511185703e+01
2.526439565098775475e+01
9.555799522920029432e+00
9.555799522920029432e+00
3.885286875829144115e+00
1.010174587715577310e+01
1.480595228433853805e+01
9.555799522920029432e+00
1.281141573213785634e+01
1.591964523280117128e+01
1.239105584646547342e+01
9.324688501989946587e+00
8.505768970636328419e+00
1.713712440983602292e+01
1.056396791901594412e+01
9.093577481059860190e+00
9.324688501989946587e+00
2.125352230659524722e+01
1.919532335821563507e+01
8.862466460129777346e+00
9.093577481059860190e+00
2.018169151432040564e+01
6.489432178444502597e+00
3.381202677781186772e+00
1.465856557578402608e+01
3.395941348636637969e+01
1.329369969019466602e+01
1.211808266934760070e+01
1.736823543076610576e+01
9.555799522920029432e+00
1.421814377391500273e+01
4.662344250994973294e+00
2.011976744193597355e+01
1.138288745036956229e+01
6.489432178444502597e+00
3.612313698711272281e+00
4.620482094807185192e+00
1.064769223139151855e+01
1.686415123271815020e+01
7.224627397422544561e+00
1.106805211706389969e+01
1.064769223139151855e+01
3.612313698711272281e+00
1.545742319094100203e+01
2.007790528574818723e+01
1.033285689808586127e+01
7.812435907846075445e+00
3.612313698711272281e+00
7.497600574540415508e+00
9.324688501989946587e+00
1.562487181569215089e+01
9.870634856225690257e+00
1.449111695103287545e+01
3.381202677781186772e+00
5.523125938536376900e+00
3.843424719641357346e+00
3.612313698711272281e+00
8.085409084963947279e+00
2.404691647395290488e+01
3.843424719641357346e+00
2.121166015040746089e+01
3.885286875829144115e+00
3.612313698711272281e+00
1.060583007520373044e+01
1.348294855493696076e+01
3.612313698711272281e+00
1.239105584646547342e+01
9.513937366732243106e+00
1.636006703467019108e+01
2.568475553666013766e+01
3.068373536095192122e+01
1.127736289800283842e+01
1.033285689808586127e+01
2.774295448503975337e+01
3.805401114313446698e+01
1.701153794127265684e+01
1.083694109613381684e+01
1.650745374322470482e+01
1.165586062748743323e+01
2.211430399413665171e+01
9.009853168684285762e+00
1.491147683670525659e+01
3.780283820600774192e+01
1.627634272229461843e+01
5.250152761418503289e+00
2.030901630667827362e+01
1.659117805560028103e+01
9.093577481059860190e+00
1.810343064974414418e+01
2.280763705692690735e+01
1.083694109613381684e+01
2.350097011971716299e+01
8.778742147754201142e+00
1.092066540850938949e+01
2.732259459936737045e+01
8.232795793518457472e+00
2.746998130792188064e+01
1.371405957586704716e+01
1.142474960655734861e+01
5.439401626160802472e+00
6.258321157514417088e+00
1.434373024247836526e+01
3.885286875829144115e+00
1.810343064974414418e+01
9.093577481059860190e+00
3.885286875829144115e+00
1.207622051315981260e+01
1.110991427325168601e+01
6.216459001326630762e+00
8.043546928776160954e+00
9.555799522920029432e+00
1.801970633736857152e+01
3.612313698711272281e+00
9.324688501989946587e+00
4.702200215563095753e+01
1.056396791901594412e+01
1.134102529418177419e+01
7.266489553610330887e+00
4.662344250994973294e+00
1.033285689808586127e+01
2.805778981834541241e+01
3.885286875829144115e+00
9.324688501989946587e+00
1.856565269160431342e+01
9.093577481059860190e+00
9.093577481059860190e+00
9.324688501989946587e+00
1.115177642943947767e+01
5.172794688660822970e+01
3.612313698711272281e+00
1.110991427325168601e+01
1.879676371253439982e+01
2.583214224521464786e+01
9.324688501989946587e+00
9.324688501989946587e+00
9.555799522920029432e+00
8.274657949706245574e+00
4.158260052947016838e+00
1.426000593010279260e+01
1.146661176274513494e+01
2.314427263022371406e+01
1.833454167067423057e+01
4.893455271925057026e+00
2.024535391049933608e+01
1.426000593010279260e+01
1.134102529418177419e+01
9.555799522920029432e+00
1.787231962881406488e+01
1.636006703467019108e+01
3.685833220609075767e+01
8.274657949706245574e+00
2.984301558960715184e+01
7.035378532680247154e+00
4.116397896759228736e+00
1.018547018953134931e+01
7.266489553610330887e+00
1.316811322163130171e+01
1.092066540850938949e+01
5.166428449042930637e+00
9.555799522920029432e+00
1.010174587715577310e+01
9.555799522920029432e+00
1.617081816992789456e+01
9.555799522920029432e+00
5.901623668020969937e+00
4.863977930214155521e+01
1.896421233728554867e+01
9.324688501989946587e+00
1.110991427325168601e+01
9.324688501989946587e+00
1.818715496211972038e+01
9.324688501989946587e+00
4.389371073877100571e+00
5.670512647090887093e+00
3.612313698711272281e+00
4.851593115737270701e+00
1.402889490917270621e+01
2.331172125497486647e+01
1.262216686739555627e+01
1.348294855493696076e+01
1.426000593010279260e+01
1.402889490917270621e+01
4.893455271925057026e+00
1.957382108770022811e+01
1.224366913791096678e+01
1.297886435688900519e+01
3.150091656851102595e+00
9.324688501989946587e+00
1.041658121046143393e+01
1.617081816992789456e+01
1.100438972088496392e+01
1.430186808629057715e+01
2.797406550596983976e+01
4.158260052947016838e+00
4.158260052947016838e+00
1.974126971245138051e+01
3.885286875829144115e+00
2.133724661897082342e+01
9.513937366732243106e+00
2.339544556735043912e+01
3.885286875829144115e+00
6.720543199374587218e+00
1.142474960655734861e+01
7.497600574540415508e+00
2.793220334978204988e+01
2.112793583803188824e+01
3.885286875829144115e+00
5.901623668020969937e+00
1.522631217001091564e+01
7.812435907846075445e+00
7.497600574540415508e+00
2.576847984903571387e+01
1.293700220070121709e+01
1.554114750331657646e+01
9.555799522920029432e+00
9.324688501989946587e+00
1.969940755626359064e+01
1.037471905427364582e+01
2.135904685896197464e+01
3.885286875829144115e+00
1.014360803334356120e+01
9.324688501989946587e+00
3.381202677781186772e+00
1.344108639874917444e+01
1.110991427325168601e+01
1.014360803334356120e+01
3.969011188204719431e+00
3.654175854899059495e+00
1.430186808629057715e+01
9.324688501989946587e+00
3.612313698711272281e+00
1.747375998313282963e+01
9.135439637247650069e+00
3.381202677781186772e+00
1.258030471120776994e+01
1.243291800265326152e+01
1.841826598304980678e+01
4.116397896759228736e+00
1.675862668035142633e+01
4.389371073877100571e+00
2.030901630667827362e+01
4.431233230064888673e+00
4.389371073877100571e+00
5.124566292855141647e+00
1.060583007520373044e+01
1.110991427325168601e+01
9.324688501989946587e+00
9.324688501989946587e+00
3.885286875829144115e+00
1.102618996087611336e+01
1.134102529418177419e+01
1.896421233728554867e+01
8.043546928776160954e+00
1.974126971245138051e+01
1.110991427325168601e+01
1.854385245161317286e+01
3.045262434002183127e+01
9.366550658177732913e+00
1.033285689808586127e+01
1.344108639874917444e+01
4.431233230064888673e+00
1.262216686739555627e+01
1.106805211706389969e+01
2.058198948379614635e+01
1.421814377391500273e+01
1.010174587715577310e+01
4.775545905081448694e+01
3.570451542523485067e+00
1.123550074181505209e+01
9.324688501989946587e+00
6.174596845138843548e+00
1.988865642100588715e+01
1.010174587715577310e+01
4.977179584300632342e+00
8.862466460129777346e+00
1.033285689808586127e+01
2.024535391049933608e+01
4.662344250994973294e+00
1.522631217001091564e+01
9.324688501989946587e+00
5.397539469973014370e+00
1.092066540850938949e+01
1.787231962881406488e+01
9.324688501989946587e+00
1.230733153408989899e+01
1.134102529418177419e+01
3.307683155883383819e+01
1.398703275298491988e+01
8.547631126824116521e+00
1.092066540850938949e+01
3.106223309043651426e+01
3.612313698711272281e+00
3.381202677781186772e+00
4.036512135243531674e+01
4.116397896759228736e+00
1.056396791901594412e+01
1.033285689808586127e+01
3.654175854899059495e+00
3.612313698711272281e+00
1.791418178500184766e+01
4.431233230064888673e+00
1.018547018953134931e+01
1.083694109613381684e+01
1.644379134704576373e+01
1.060583007520373044e+01
3.150091656851102595e+00
2.417250294251626741e+01
3.885286875829144115e+00
9.555799522920029432e+00
1.079507893994602874e+01
1.010174587715577310e+01
4.158260052947016838e+00
1.797784418118078165e+01
1.472222797196296007e+01
1.627634272229461843e+01
3.654175854899059495e+00
3.381202677781186772e+00
9.639523835295605636e+00
3.381202677781186772e+00
1.234919369027768710e+01
4.389371073877100571e+00
1.239105584646547342e+01
3.843424719641357346e+00
2.627256404708366944e+01
7.812435907846075445e+00
4.158260052947016838e+00
2.665106177656826603e+01
1.033285689808586127e+01
3.477833301772000141e+01
1.115177642943947767e+01
1.654931589941249115e+01
8.085409084963947279e+00
9.282826345802156709e+00
9.282826345802156709e+00
8.001684772588372851e+00
2.028721606668712241e+01
3.855983366497692799e+01
4.158260052947016838e+00
1.440739263865730102e+01
3.381202677781186772e+00
2.444547611963414013e+01
9.555799522920029432e+00
1.005988372096798678e+01
5.670512647090887093e+00
3.612313698711272281e+00
2.257652603599682450e+01
9.324688501989946587e+00
1.417628161772721640e+01
2.352103203591380165e+01
3.612313698711272281e+00
2.011976744193597355e+01
3.654175854899059495e+00
3.654175854899059495e+00
7.770573751658288231e+00
1.678042692034257399e+01
9.324688501989946587e+00
1.325183753400687792e+01
2.753364370410081463e+01
1.398703275298491988e+01
1.696967578508487406e+01
4.662344250994973294e+00
3.612313698711272281e+00
2.148463332752533717e+01
8.547631126824116521e+00
3.885286875829144115e+00
1.243291800265326152e+01
1.379778388824262159e+01
9.870634856225690257e+00
1.344108639874917444e+01
4.116397896759228736e+00
2.471844929675201286e+01
3.612313698711272281e+00
1.604523170136453203e+01
1.539376079476206449e+01
9.555799522920029432e+00
2.610511542233251703e+01
1.215994482553538880e+01
9.051715324872072088e+00
9.135439637247650069e+00
4.158260052947016838e+00
3.612313698711272281e+00
3.108229500663315381e+00
9.324688501989946587e+00
4.662344250994973294e+00
1.598156930518559804e+01
1.755748429550840228e+01
1.724264896220274323e+01
1.064769223139151855e+01
1.033285689808586127e+01
1.293700220070121709e+01
2.677664824513162856e+01
1.123550074181505209e+01
2.129538446278303709e+01
1.751562213932061596e+01
3.612313698711272281e+00
2.249280172362124830e+01
1.690601338890594008e+01
1.234919369027768710e+01
1.001802156478020045e+01
3.885286875829144115e+00
2.799586574596098743e+01
1.037471905427364582e+01
5.397539469973014370e+00
9.555799522920029432e+00
5.670512647090887093e+00
7.812435907846075445e+00
1.457484126340845165e+01
9.324688501989946587e+00
1.320997537781908981e+01
1.083694109613381684e+01
1.184510949222972975e+01
1.010174587715577310e+01
9.324688501989946587e+00
8.274657949706245574e+00
2.707142166224064539e+01
2.646181291182596240e+01
8.778742147754201142e+00
5.166428449042930637e+00
1.444925479484508912e+01
1.577225852424666286e+01
1.289514004451343077e+01
4.200122209134803164e+00
1.864937700397989317e+01
2.253466387980904173e+01
1.654931589941249115e+01
9.324688501989946587e+00
1.161399847129964336e+01
9.051715324872072088e+00
8.001684772588372851e+00
1.837640382686202045e+01
1.997238073338146336e+01
4.389371073877100571e+00
9.324688501989946587e+00
1.468036581577517374e+01
3.885286875829144115e+00
1.134102529418177419e+01
1.627634272229461843e+01
9.324688501989946587e+00
5.901623668020969937e+00
8.505768970636328419e+00
8.232795793518457472e+00
8.778742147754201142e+00
1.722084872221159912e+01
1.010174587715577310e+01
3.612313698711272281e+00
7.224627397422544561e+00
3.885286875829144115e+00
1.243291800265326152e+01
4.893455271925057026e+00
9.324688501989946587e+00
1.110991427325168601e+01
1.220180698172317690e+01
1.612895601374010823e+01
1.352481071112474709e+01
2.020349175431154620e+01
3.108229500663315381e+00
1.129916313799398608e+01
1.320997537781908981e+01
2.289136136930248355e+01
1.037471905427364582e+01
2.203057968176107906e+01
3.612313698711272281e+00
3.612313698711272281e+00
4.935317428112845128e+00
3.885286875829144115e+00
3.612313698711272281e+00
1.627634272229461843e+01
3.612313698711272281e+00
3.381202677781186772e+00
1.787231962881406488e+01
1.083694109613381684e+01
1.581412068043444741e+01
3.108229500663315381e+00
9.093577481059860190e+00
3.885286875829144115e+00
3.654175854899059495e+00
1.041658121046143393e+01
8.631355439199690949e+00
1.468036581577517374e+01
1.056396791901594412e+01
1.014360803334356120e+01
1.585598283662223729e+01
9.324688501989946587e+00
3.381202677781186772e+00
1.056396791901594412e+01
1.636006703467019108e+01
8.274657949706245574e+00
9.681385991483391962e+00
3.612313698711272281e+00
9.555799522920029432e+00
1.499520114908083102e+01
1.064769223139151855e+01
3.108229500663315381e+00
1.188697164841751608e+01
7.182765241234756459e+00
8.547631126824116521e+00
2.106427344185295070e+01
3.654175854899059495e+00
1.138288745036956229e+01
3.612313698711272281e+00
4.389371073877100571e+00
3.381202677781186772e+00
5.754236959466460632e+00
9.555799522920029432e+00
9.555799522920029432e+00
1.052210576282815779e+01
1.010174587715577310e+01
1.243291800265326152e+01
3.381202677781186772e+00
1.041658121046143393e+01
2.877118479733230316e+00
1.041658121046143393e+01
1.087880325232160494e+01
9.870634856225690257e+00
1.142474960655734861e+01
8.274657949706245574e+00
2.270211250456018703e+01
1.033285689808586127e+01
2.188319297320656887e+01
1.161399847129964336e+01
9.555799522920029432e+00
9.324688501989946587e+00
9.324688501989946587e+00
1.138288745036956229e+01
1.577225852424666286e+01
1.856565269160431342e+01
1.096252756469717760e+01
9.009853168684285762e+00
3.612313698711272281e+00
1.850199029542538298e+01
9.324688501989946587e+00
1.755748429550840228e+01
2.253466387980904173e+01
9.555799522920029432e+00
2.234541501506674166e+01
1.010174587715577310e+01
1.316811322163130171e+01
1.142474960655734861e+01
1.375592173205483526e+01
9.555799522920029432e+00
2.257652603599682450e+01
1.037471905427364582e+01
1.161399847129964336e+01
1.211808266934760070e+01
2.856187401639337153e+01
1.503706330526861734e+01
1.289514004451343077e+01
9.555799522920029432e+00
3.381202677781186772e+00
2.198871752557328918e+01
1.024913258571028329e+01
3.885286875829144115e+00
1.180324733604193987e+01
1.197069596079309228e+01
1.092066540850938949e+01
1.014360803334356120e+01
1.010174587715577310e+01
9.324688501989946587e+00
9.555799522920029432e+00
1.375592173205483526e+01
2.118985991041631323e+01
3.057821080858520091e+01
1.825081735829865437e+01
9.681385991483391962e+00
3.885286875829144115e+00
9.093577481059860190e+00
4.431233230064888673e+00
9.324688501989946587e+00
4.977179584300632342e+00
4.620482094807185192e+00
9.597661679107817534e+00
2.217796639031558925e+01
9.555799522920029432e+00
9.324688501989946587e+00
9.093577481059860190e+00
3.309863179882498230e+01
2.192505512939435519e+01
1.772493292025955469e+01
2.110613559804073702e+01
3.654175854899059495e+00
3.612313698711272281e+00
3.612313698711272281e+00
8.547631126824116521e+00
1.096252756469717760e+01
9.093577481059860190e+00
1.759934645169619216e+01
1.100438972088496392e+01
3.654175854899059495e+00
3.885286875829144115e+00
4.389371073877100571e+00
1.302072651307679152e+01
1.083694109613381684e+01
3.885286875829144115e+00
8.001684772588372851e+00
3.612313698711272281e+00
8.547631126824116521e+00
1.142474960655734861e+01
1.033285689808586127e+01
1.115177642943947767e+01
1.134102529418177419e+01
1.636006703467019108e+01
4.158260052947016838e+00
8.589493283011902847e+00
1.600336954517674570e+01
3.654175854899059495e+00
3.885286875829144115e+00
1.064769223139151855e+01
3.612313698711272281e+00
3.843424719641357346e+00
3.381202677781186772e+00
4.893455271925057026e+00
9.555799522920029432e+00
3.177562806942340856e+01
8.862466460129777346e+00
4.662344250994973294e+00
1.495333899289304469e+01
9.870634856225690257e+00
3.381202677781186772e+00
4.389371073877100571e+00
1.600336954517674570e+01
1.426000593010279260e+01
1.472222797196296007e+01
9.324688501989946587e+00
9.555799522920029432e+00
1.056396791901594412e+01
1.092066540850938949e+01
1.188697164841751608e+01
4.116397896759228736e+00
3.885286875829144115e+00
7.539462730728204498e+00
4.389371073877100571e+00
3.885286875829144115e+00
1.344108639874917444e+01
1.732637327457832299e+01
5.670512647090887093e+00
1.526817432619870374e+01
1.134102529418177419e+01
5.166428449042930637e+00
1.678042692034257399e+01
7.224627397422544561e+00
1.930084791058235894e+01
3.400127564255416956e+01
9.324688501989946587e+00
8.505768970636328419e+00
8.316520105894033676e+00
1.188697164841751608e+01
1.184510949222972975e+01
3.885286875829144115e+00
1.029099474189807317e+01
7.497600574540415508e+00
9.366550658177732913e+00
2.079130026473508153e+01
1.549928534712878836e+01
3.381202677781186772e+00
3.885286875829144115e+00
2.140090901514976096e+01
3.612313698711272281e+00
1.033285689808586127e+01
1.224366913791096678e+01
9.324688501989946587e+00
1.316811322163130171e+01
1.352481071112474709e+01
3.839064671643127014e+01
3.108229500663315381e+00
2.171574434845542356e+01
9.324688501989946587e+00
1.682228907653036387e+01
1.266402902358334437e+01
9.555799522920029432e+00
1.888048802490997602e+01
1.764120860788398204e+01
1.087880325232160494e+01
4.893455271925057026e+00
1.728451111839053311e+01
1.919532335821563507e+01
1.142474960655734861e+01
1.709526225364823304e+01
1.787231962881406488e+01
1.110991427325168601e+01
9.324688501989946587e+00
8.547631126824116521e+00
1.110991427325168601e+01
1.110991427325168601e+01
9.912497012413476583e+00
1.079507893994602874e+01
3.612313698711272281e+00
1.014360803334356120e+01
9.282826345802156709e+00
1.192883380460530418e+01
1.169772278367521956e+01
1.472222797196296007e+01
1.308438890925572728e+01
1.234919369027768710e+01
4.662344250994973294e+00
2.942265570393476892e+01
2.062385163998393622e+01
4.116397896759228736e+00
5.901623668020969937e+00
3.885286875829144115e+00
1.083694109613381684e+01
1.041658121046143393e+01
1.518445001382312931e+01
9.513937366732243106e+00
1.925898575439457261e+01
9.324688501989946587e+00
5.208290605230716963e+00
3.612313698711272281e+00
1.974126971245138051e+01
4.893455271925057026e+00
7.728711595470501017e+00
4.389371073877100571e+00
4.662344250994973294e+00
7.140903085046970133e+00
4.116397896759228736e+00
1.581412068043444741e+01
3.381202677781186772e+00
4.431233230064888673e+00
2.129538446278303709e+01
6.993516376492459941e+00
7.770573751658288231e+00
8.001684772588372851e+00
4.116397896759228736e+00
3.654175854899059495e+00
2.469838738055537419e+01
9.324688501989946587e+00
9.597661679107817534e+00
9.324688501989946587e+00
1.092066540850938949e+01
4.389371073877100571e+00
9.282826345802156709e+00
3.108229500663315381e+00
5.397539469973014370e+00
3.843424719641357346e+00
5.901623668020969937e+00
3.108229500663315381e+00
1.188697164841751608e+01
5.006830758390986347e+01
9.639523835295605636e+00
1.888048802490997602e+01
1.033285689808586127e+01
3.612313698711272281e+00
1.079507893994602874e+01
5.628650490903098991e+00
4.116397896759228736e+00
1.759934645169619216e+01
5.943485824208758039e+00
3.612313698711272281e+00
1.810343064974414418e+01
3.612313698711272281e+00
1.010174587715577310e+01
1.270589117977113247e+01
4.389371073877100571e+00
9.870634856225690257e+00
3.108229500663315381e+00
1.770487100406291248e+01
1.014360803334356120e+01
1.033285689808586127e+01
4.158260052947016838e+00
4.662344250994973294e+00
1.690601338890594008e+01
5.397539469973014370e+00
5.901623668020969937e+00
1.476409012815074995e+01
3.381202677781186772e+00
2.948631810011370646e+01
3.654175854899059495e+00
2.030901630667827362e+01
3.885286875829144115e+00
1.678042692034257399e+01
1.709526225364823304e+01
1.138288745036956229e+01
8.820604303941991020e+00
1.356667286731253697e+01
4.473095386252674999e+00
1.096252756469717760e+01
9.324688501989946587e+00
9.324688501989946587e+00
9.093577481059860190e+00
3.381202677781186772e+00
4.893455271925057026e+00
4.431233230064888673e+00
8.274657949706245574e+00
3.339340521593400002e+00
8.862466460129777346e+00
3.612313698711272281e+00
2.089682481710180539e+01
9.324688501989946587e+00
9.093577481059860190e+00
4.662344250994973294e+00
9.324688501989946587e+00
1.142474960655734861e+01
7.539462730728204498e+00
9.093577481059860190e+00
1.234919369027768710e+01
3.885286875829144115e+00
3.654175854899059495e+00
4.662344250994973294e+00
1.974126971245138051e+01
1.010174587715577310e+01
1.041658121046143393e+01
8.001684772588372851e+00
9.870634856225690257e+00
2.583214224521464786e+01
1.184510949222972975e+01
9.093577481059860190e+00
4.662344250994973294e+00
1.270589117977113247e+01
9.324688501989946587e+00
1.134102529418177419e+01
2.295502376548142109e+01
9.555799522920029432e+00
1.239105584646547342e+01
9.870634856225690257e+00
1.033285689808586127e+01
9.093577481059860190e+00
2.431988965107077760e+01
1.444925479484508912e+01
1.690601338890594008e+01
1.379778388824262159e+01
3.108229500663315381e+00
1.650745374322470482e+01
1.258030471120776994e+01
9.555799522920029432e+00
1.134102529418177419e+01
9.555799522920029432e+00
9.282826345802156709e+00
4.620482094807185192e+00
1.033285689808586127e+01
9.555799522920029432e+00
3.612313698711272281e+00
3.746620263271093165e+01
1.207622051315981260e+01
5.712374803278674307e+00
9.324688501989946587e+00
9.555799522920029432e+00
1.037471905427364582e+01
9.093577481059860190e+00
3.188115262179012888e+01
9.324688501989946587e+00
5.208290605230716963e+00
1.022733234571913741e+01
1.709526225364823304e+01
9.555799522920029432e+00
3.612313698711272281e+00
9.324688501989946587e+00
1.549928534712878836e+01
2.354283227590495287e+01
6.993516376492459941e+00
8.505768970636328419e+00
1.014360803334356120e+01
9.597661679107817534e+00
4.389371073877100571e+00
3.381202677781186772e+00
3.381202677781186772e+00
9.555799522920029432e+00
4.620482094807185192e+00
1.161399847129964336e+01
8.001684772588372851e+00
9.555799522920029432e+00
1.110991427325168601e+01
1.169772278367521956e+01
8.043546928776160954e+00
1.801970633736857152e+01
9.324688501989946587e+00
1.056396791901594412e+01
4.893455271925057026e+00
1.453297910722066177e+01
3.885286875829144115e+00
3.612313698711272281e+00
1.293700220070121709e+01
1.165586062748743323e+01
2.173580626465205512e+01
3.885286875829144115e+00
9.009853168684285762e+00
1.568853421187108665e+01
1.266402902358334437e+01
1.302072651307679152e+01
1.138288745036956229e+01
3.612313698711272281e+00
3.381202677781186772e+00
3.885286875829144115e+00
3.885286875829144115e+00
1.119363858562726222e+01
4.662344250994973294e+00
8.043546928776160954e+00
4.158260052947016838e+00
8.547631126824116521e+00
4.116397896759228736e+00
2.339544556735043912e+01
9.324688501989946587e+00
4.116397896759228736e+00
3.381202677781186772e+00
1.398703275298491988e+01
6.573156490820077025e+00
1.134102529418177419e+01
3.612313698711272281e+00
3.381202677781186772e+00
1.033285689808586127e+01
1.883862586872218969e+01
3.885286875829144115e+00
5.670512647090887093e+00
1.180324733604193987e+01
1.033285689808586127e+01
4.158260052947016838e+00
3.082938374571192242e+01
1.192883380460530418e+01
4.158260052947016838e+00
3.885286875829144115e+00
4.116397896759228736e+00
9.555799522920029432e+00
1.604523170136453203e+01
3.885286875829144115e+00
3.381202677781186772e+00
7.266489553610330887e+00
3.885286875829144115e+00
9.828772700037903931e+00
1.010174587715577310e+01
4.158260052947016838e+00
4.389371073877100571e+00
1.056396791901594412e+01
8.505768970636328419e+00
1.302072651307679152e+01
1.192883380460530418e+01
1.873310131635546583e+01
8.862466460129777346e+00
3.885286875829144115e+00
9.093577481059860190e+00
1.690601338890594008e+01
1.972120779625474540e+01
1.747375998313282963e+01
1.526817432619870374e+01
1.234919369027768710e+01
3.381202677781186772e+00
3.654175854899059495e+00
3.654175854899059495e+00
3.612313698711272281e+00
1.033285689808586127e+01
9.828772700037903931e+00
2.308061023404478007e+01
4.662344250994973294e+00
3.381202677781186772e+00
1.352481071112474709e+01
1.348294855493696076e+01
4.893455271925057026e+00
4.893455271925057026e+00
1.549928534712878836e+01
1.115177642943947767e+01
3.303496940264604831e+01
3.419052450729646608e+01
2.910782037062910987e+01
1.531003648238649362e+01
5.943485824208758039e+00
5.670512647090887093e+00
1.468036581577517374e+01
3.885286875829144115e+00
1.115177642943947767e+01
3.150091656851102595e+00
1.010174587715577310e+01
3.108229500663315381e+00
1.942643437914572146e+01
6.720543199374587218e+00
3.612313698711272281e+00
8.043546928776160954e+00
1.596150738898895938e+01
1.591964523280117128e+01
1.258030471120776994e+01
1.184510949222972975e+01
3.053634865239740748e+01
9.555799522920029432e+00
1.430186808629057715e+01
2.112793583803188824e+01
3.612313698711272281e+00
1.507892546145640900e+01
3.150091656851102595e+00
9.408412814365521015e+00
4.662344250994973294e+00
5.712374803278674307e+00
1.988865642100588715e+01
4.116397896759228736e+00
3.381202677781186772e+00
5.124566292855141647e+00
1.010174587715577310e+01
3.612313698711272281e+00
9.555799522920029432e+00
1.033285689808586127e+01
1.841826598304980678e+01
9.324688501989946587e+00
3.064187320476413134e+01
9.555799522920029432e+00
9.051715324872072088e+00
1.033285689808586127e+01
8.862466460129777346e+00
1.262216686739555627e+01
2.389952976539839469e+01
6.720543199374587218e+00
4.893455271925057026e+00
1.942643437914572146e+01
9.093577481059860190e+00
6.993516376492459941e+00
5.124566292855141647e+00
3.612313698711272281e+00
4.158260052947016838e+00
9.324688501989946587e+00
1.083694109613381684e+01
2.392133000538954235e+01
1.138288745036956229e+01
1.033285689808586127e+01
2.001424288956925324e+01
3.381202677781186772e+00
1.539376079476206449e+01
8.001684772588372851e+00
1.087880325232160494e+01
1.663304021178806735e+01
9.555799522920029432e+00
4.116397896759228736e+00
3.612313698711272281e+00
4.116397896759228736e+00
9.639523835295605636e+00
1.192883380460530418e+01
9.324688501989946587e+00
1.005988372096798678e+01
1.266402902358334437e+01
8.862466460129777346e+00
1.814529280593193050e+01
3.612313698711272281e+00
2.455100067200086400e+01
6.405707866068928169e+00
1.316811322163130171e+01
1.146661176274513494e+01
3.612313698711272281e+00
1.064769223139151855e+01
1.184510949222972975e+01
1.037471905427364582e+01
1.585598283662223729e+01
1.293700220070121709e+01
1.787231962881406488e+01
3.612313698711272281e+00
2.028721606668712241e+01
3.612313698711272281e+00
5.481263782348588798e+00
1.860751484779210685e+01
2.362655658828052552e+01
4.389371073877100571e+00
1.173958493986300766e+01
3.654175854899059495e+00
3.612313698711272281e+00
1.904793664966112132e+01
3.885286875829144115e+00
6.720543199374587218e+00
4.116397896759228736e+00
4.662344250994973294e+00
1.087880325232160494e+01
1.056396791901594412e+01
1.092066540850938949e+01
1.056396791901594412e+01
1.344108639874917444e+01
3.654175854899059495e+00
3.612313698711272281e+00
3.381202677781188015e+01
6.174596845138843548e+00
1.138288745036956229e+01
1.608709385755232191e+01
9.555799522920029432e+00
1.705340009746044672e+01
4.893455271925057026e+00
6.909792064116884625e+00
9.870634856225690257e+00
4.116397896759228736e+00
9.555799522920029432e+00
3.612313698711272281e+00
1.476409012815074995e+01
1.476409012815074995e+01
1.087880325232160494e+01
9.555799522920029432e+00
2.020349175431154620e+01
7.770573751658288231e+00
3.612313698711272281e+00
1.010174587715577310e+01
1.709526225364823304e+01
1.087880325232160494e+01
4.158260052947016838e+00
4.620482094807185192e+00
7.770573751658288231e+00
3.381202677781186772e+00
1.581412068043444741e+01
1.239105584646547342e+01
9.786910543850114053e+00
1.541556103475321571e+01
4.893455271925057026e+00
7.497600574540415508e+00
6.174596845138843548e+00
1.749382189932947540e+01
1.667490236797585368e+01
1.092066540850938949e+01
3.885286875829144115e+00
1.033285689808586127e+01
9.954359168601264685e+00
8.736879991566414816e+00
3.339340521593400002e+00
4.662344250994973294e+00
4.935317428112845128e+00
1.398703275298491988e+01
8.778742147754201142e+00
1.654931589941249115e+01
5.901623668020969937e+00
9.093577481059860190e+00
4.116397896759228736e+00
4.662344250994973294e+00
3.927149032016931773e+00
3.150091656851102595e+00
1.562487181569215089e+01
1.123550074181505209e+01
1.774673316025069880e+01
1.801970633736857152e+01
4.389371073877100571e+00
6.993516376492459941e+00
4.935317428112845128e+00
2.266025034837239716e+01
1.215994482553538880e+01
3.104043285044535949e+01
7.035378532680247154e+00
5.166428449042930637e+00
9.093577481059860190e+00
5.901623668020969937e+00
1.988865642100588715e+01
7.266489553610330887e+00
3.381202677781186772e+00
4.389371073877100571e+00
6.258321157514417088e+00
2.637808859945038975e+01
1.134102529418177419e+01
4.158260052947016838e+00
3.885286875829144115e+00
1.951015869152129767e+01
3.612313698711272281e+00
9.093577481059860190e+00
2.877118479733230316e+00
1.461670341959623798e+01
3.381202677781186772e+00
4.431233230064888673e+00
4.662344250994973294e+00
1.169772278367521956e+01
1.106805211706389969e+01
2.532805804716668874e+01
7.266489553610330887e+00
1.110991427325168601e+01
8.778742147754201142e+00
9.555799522920029432e+00
9.324688501989946587e+00
6.216459001326630762e+00
1.417628161772721640e+01
1.087880325232160494e+01
5.397539469973014370e+00
6.405707866068928169e+00
1.402889490917270621e+01
9.786910543850114053e+00
3.108229500663315381e+00
3.381202677781186772e+00
9.828772700037903931e+00
4.389371073877100571e+00
8.547631126824116521e+00
2.618883973470809323e+01
1.197069596079309228e+01
3.381202677781186772e+00
4.746068563370547722e+00
2.184133081701877899e+01
1.110991427325168601e+01
9.324688501989946587e+00
3.381202677781186772e+00
1.717898656602380569e+01
5.901623668020969937e+00
7.266489553610330887e+00
1.106805211706389969e+01
3.612313698711272281e+00
7.770573751658288231e+00
1.146661176274513494e+01
1.394517059679713178e+01
9.555799522920029432e+00
4.389371073877100571e+00
1.522631217001091564e+01
2.877118479733230316e+00
1.010174587715577310e+01
5.670512647090887093e+00
3.654175854899059495e+00
9.870634856225690257e+00
9.093577481059860190e+00
9.324688501989946587e+00
2.198871752557328918e+01
3.381202677781186772e+00
5.670512647090887093e+00
9.324688501989946587e+00
9.324688501989946587e+00
2.039274061905384627e+01
2.562283146427570824e+00
4.158260052947016838e+00
3.108229500663315381e+00
5.754236959466460632e+00
1.507892546145640900e+01
3.885286875829144115e+00
5.397539469973014370e+00
1.581412068043444741e+01
1.029099474189807317e+01
9.324688501989946587e+00
1.549928534712878836e+01
5.208290605230716963e+00
3.885286875829144115e+00
9.324688501989946587e+00
1.201255811698087861e+01
9.786910543850114053e+00
3.108229500663315381e+00
9.093577481059860190e+00
9.324688501989946587e+00
4.116397896759228736e+00
7.770573751658288231e+00
1.360853502350032329e+01
1.764120860788398204e+01
1.068955438757930487e+01
9.093577481059860190e+00
1.079507893994602874e+01
5.397539469973014370e+00
1.783045747262627501e+01
3.011598876672502811e+01
1.759934645169619216e+01
3.654175854899059495e+00
4.158260052947016838e+00
1.033285689808586127e+01
1.499520114908083102e+01
5.166428449042930637e+00
1.239105584646547342e+01
6.720543199374587218e+00
5.166428449042930637e+00
1.239105584646547342e+01
1.033285689808586127e+01
4.158260052947016838e+00
2.035087846286606350e+01
9.093577481059860190e+00
1.906973688965227254e+01
1.087880325232160494e+01
2.784847903740647368e+01
3.381202677781186772e+00
4.389371073877100571e+00
3.612313698711272281e+00
1.106805211706389969e+01
9.555799522920029432e+00
5.481263782348588798e+00
1.667490236797585368e+01
1.073141654376709475e+01
3.381202677781186772e+00
9.324688501989946587e+00
1.056396791901594412e+01
9.324688501989946587e+00
1.110991427325168601e+01
1.087880325232160494e+01
1.087880325232160494e+01
9.555799522920029432e+00
9.555799522920029432e+00
3.885286875829144115e+00
1.165586062748743323e+01
9.324688501989946587e+00
9.093577481059860190e+00
9.324688501989946587e+00
2.816331437071213628e+01
4.662344250994973294e+00
9.324688501989946587e+00
1.262216686739555627e+01
3.612313698711272281e+00
9.324688501989946587e+00
1.033285689808586127e+01
1.115177642943947767e+01
1.331549993018581191e+01
1.184510949222972975e+01
1.010174587715577310e+01
9.324688501989946587e+00
1.825081735829865437e+01
1.503706330526861734e+01
6.174596845138843548e+00
3.381202677781186772e+00
1.115177642943947767e+01
3.612313698711272281e+00
1.033285689808586127e+01
9.093577481059860190e+00
3.381202677781186772e+00
3.612313698711272281e+00
1.165586062748743323e+01
4.893455271925057026e+00
3.885286875829144115e+00
1.096252756469717760e+01
7.539462730728204498e+00
9.870634856225690257e+00
9.324688501989946587e+00
1.010174587715577310e+01
9.324688501989946587e+00
1.056396791901594412e+01
1.106805211706389969e+01
3.843424719641357346e+00
9.555799522920029432e+00
3.885286875829144115e+00
3.381202677781186772e+00
3.612313698711272281e+00
9.093577481059860190e+00
1.741009758695389564e+01
9.324688501989946587e+00
1.169772278367521956e+01
9.324688501989946587e+00
1.732637327457832299e+01
3.381202677781186772e+00
4.851593115737270701e+00
5.712374803278674307e+00
3.381202677781186772e+00
7.539462730728204498e+00
4.389371073877100571e+00
6.405707866068928169e+00
4.389371073877100571e+00
3.612313698711272281e+00
1.266402902358334437e+01
4.704206407182760508e+00
5.397539469973014370e+00
5.985347980396546141e+00
7.539462730728204498e+00
4.662344250994973294e+00
9.324688501989946587e+00
1.705340009746044672e+01
3.654175854899059495e+00
3.612313698711272281e+00
1.810343064974414418e+01
3.885286875829144115e+00
1.188697164841751608e+01
1.806156849355635785e+01
3.150091656851102595e+00
3.885286875829144115e+00
9.324688501989946587e+00
4.662344250994973294e+00
4.662344250994973294e+00
4.431233230064888673e+00
4.662344250994973294e+00
1.033285689808586127e+01
5.397539469973014370e+00
9.324688501989946587e+00
3.612313698711272281e+00
2.070757595235950532e+01
1.274775333595892057e+01
4.662344250994973294e+00
7.497600574540415508e+00
3.885286875829144115e+00
2.350097011971716299e+01
3.381202677781186772e+00
1.188697164841751608e+01
9.555799522920029432e+00
3.654175854899059495e+00
3.381202677781186772e+00
9.786910543850114053e+00
1.554114750331657646e+01
3.654175854899059495e+00
1.640192919085798096e+01
1.169772278367521956e+01
1.115177642943947767e+01
2.066571379617172255e+01
1.426000593010279260e+01
4.158260052947016838e+00
1.394517059679713178e+01
1.022733234571913741e+01
2.629436428707482065e+01
2.587400440140243418e+01
3.885286875829144115e+00
9.555799522920029432e+00
7.497600574540415508e+00
3.612313698711272281e+00
6.762405355562373543e+00
1.764120860788398204e+01
1.654931589941249115e+01
3.612313698711272281e+00
3.885286875829144115e+00
3.885286875829144115e+00
1.911159904584005886e+01
4.389371073877100571e+00
1.591964523280117128e+01
8.862466460129777346e+00
3.654175854899059495e+00
3.381202677781186772e+00
2.135904685896197464e+01
5.712374803278674307e+00
8.505768970636328419e+00
7.770573751658288231e+00
1.316811322163130171e+01
8.862466460129777346e+00
1.713712440983602292e+01
6.762405355562373543e+00
2.610511542233251703e+01
4.116397896759228736e+00
1.673856476415478767e+01
3.612313698711272281e+00
9.324688501989946587e+00
2.824703868308771249e+01
1.394517059679713178e+01
7.266489553610330887e+00
1.608709385755232191e+01
1.115177642943947767e+01
1.759934645169619216e+01
1.778859531643848868e+01
9.093577481059860190e+00
7.497600574540415508e+00
8.274657949706245574e+00
4.158260052947016838e+00
3.612313698711272281e+00
1.079507893994602874e+01
4.893455271925057026e+00
2.709148357843728405e+01
1.507892546145640900e+01
4.116397896759228736e+00
5.712374803278674307e+00
3.612313698711272281e+00
3.612313698711272281e+00
9.324688501989946587e+00
1.696967578508487406e+01
9.555799522920029432e+00
4.158260052947016838e+00
3.885286875829144115e+00
1.997238073338146336e+01
6.300183313702205190e+00
3.885286875829144115e+00
3.843424719641357346e+00
3.654175854899059495e+00
3.885286875829144115e+00
6.951654220304672727e+00
3.381202677781186772e+00
3.381202677781186772e+00
6.993516376492459941e+00
3.381202677781186772e+00
3.200673909035349141e+01
2.011976744193597355e+01
2.583214224521464786e+01
9.324688501989946587e+00
4.116397896759228736e+00
5.670512647090887093e+00
2.161021979608869614e+01
1.663304021178806735e+01
1.791418178500184766e+01
1.285327788832564622e+01
1.791418178500184766e+01
1.562487181569215089e+01
9.324688501989946587e+00
4.893455271925057026e+00
4.893455271925057026e+00
9.324688501989946587e+00
1.188697164841751608e+01
1.316811322163130171e+01
9.324688501989946587e+00
1.033285689808586127e+01
3.654175854899059495e+00
4.431233230064888673e+00
2.028721606668712241e+01
1.033285689808586127e+01
3.885286875829144115e+00
1.033285689808586127e+01
3.612313698711272281e+00
9.786910543850114053e+00
1.946829653533350424e+01
2.362655658828052552e+01
8.085409084963947279e+00
9.555799522920029432e+00
3.654175854899059495e+00
1.339922424256138811e+01
5.670512647090887093e+00
5.166428449042930637e+00
1.348294855493696076e+01
1.092066540850938949e+01
1.363033526349147095e+01
7.497600574540415508e+00
8.001684772588372851e+00
4.116397896759228736e+00
5.670512647090887093e+00
1.056396791901594412e+01
1.037471905427364582e+01
5.166428449042930637e+00
3.654175854899059495e+00
7.035378532680247154e+00
1.320997537781908981e+01
1.239105584646547342e+01
8.001684772588372851e+00
7.413876262164841080e+00
6.258321157514417088e+00
1.165586062748743323e+01
5.670512647090887093e+00
5.397539469973014370e+00
3.108229500663315381e+00
3.381202677781186772e+00
2.188319297320656887e+01
1.951015869152129767e+01
3.885286875829144115e+00
1.741009758695389564e+01
3.612313698711272281e+00
4.473095386252674999e+00
3.381202677781186772e+00
4.662344250994973294e+00
9.324688501989946587e+00
8.547631126824116521e+00
4.389371073877100571e+00
8.820604303941991020e+00
3.612313698711272281e+00
4.158260052947016838e+00
5.943485824208758039e+00
4.662344250994973294e+00
4.893455271925057026e+00
4.620482094807185192e+00
4.935317428112845128e+00
4.158260052947016838e+00
4.116397896759228736e+00
9.954359168601264685e+00
4.389371073877100571e+00
3.108229500663315381e+00
1.476409012815074995e+01
2.877118479733230316e+00
8.232795793518457472e+00
1.018547018953134931e+01
5.166428449042930637e+00
1.083694109613381684e+01
3.654175854899059495e+00
4.662344250994973294e+00
3.885286875829144115e+00
9.324688501989946587e+00
1.732637327457832299e+01
1.037471905427364582e+01
4.662344250994973294e+00
3.108229500663315381e+00
1.083694109613381684e+01
1.068955438757930487e+01
8.631355439199690949e+00
1.297886435688900519e+01
7.497600574540415508e+00
3.885286875829144115e+00
4.662344250994973294e+00
4.620482094807185192e+00
9.324688501989946587e+00
4.662344250994973294e+00
9.324688501989946587e+00
1.911159904584005886e+01
3.885286875829144115e+00
1.659117805560028103e+01
2.215616615032443448e+01
1.033285689808586127e+01
8.001684772588372851e+00
9.555799522920029432e+00
4.158260052947016838e+00
3.885286875829144115e+00
4.662344250994973294e+00
4.158260052947016838e+00
3.654175854899059495e+00
8.001684772588372851e+00
4.158260052947016838e+00
4.893455271925057026e+00
1.033285689808586127e+01
4.893455271925057026e+00
4.158260052947016838e+00
1.083694109613381684e+01
3.885286875829144115e+00
3.612313698711272281e+00
1.134102529418177419e+01
9.555799522920029432e+00
9.954359168601264685e+00
3.612313698711272281e+00
9.786910543850114053e+00
4.389371073877100571e+00
3.381202677781186772e+00
2.144277117133754729e+01
9.093577481059860190e+00
1.612895601374010823e+01
1.224366913791096678e+01
9.282826345802156709e+00
2.541178235954226494e+01
7.266489553610330887e+00
4.893455271925057026e+00
1.869123916016768305e+01
2.203057968176107906e+01
1.363033526349147095e+01
1.783045747262627501e+01
3.381202677781186772e+00
4.620482094807185192e+00
6.216459001326630762e+00
1.860751484779210685e+01
4.935317428112845128e+00
8.547631126824116521e+00
9.093577481059860190e+00
9.324688501989946587e+00
9.324688501989946587e+00
3.927149032016931773e+00
6.909792064116884625e+00
5.166428449042930637e+00
4.158260052947016838e+00
5.712374803278674307e+00
4.158260052947016838e+00
4.158260052947016838e+00
4.158260052947016838e+00
9.324688501989946587e+00
1.083694109613381684e+01
6.573156490820077025e+00
1.060583007520373044e+01
4.116397896759228736e+00
1.014360803334356120e+01
9.555799522920029432e+00
9.555799522920029432e+00
4.389371073877100571e+00
3.654175854899059495e+00
5.124566292855141647e+00
3.612313698711272281e+00
4.431233230064888673e+00
4.431233230064888673e+00
8.274657949706245574e+00
2.877118479733230316e+00
1.686415123271815020e+01
3.612313698711272281e+00
2.814151413072098862e+01
9.912497012413476583e+00
1.115177642943947767e+01
1.064769223139151855e+01
8.862466460129777346e+00
9.324688501989946587e+00
9.324688501989946587e+00
3.612313698711272281e+00
8.316520105894033676e+00
1.138288745036956229e+01
2.595772871377801039e+01
5.670512647090887093e+00
1.869123916016768305e+01
5.670512647090887093e+00
1.060583007520373044e+01
1.484781444052632260e+01
4.935317428112845128e+00
4.662344250994973294e+00
4.662344250994973294e+00
3.885286875829144115e+00
3.654175854899059495e+00
1.169772278367521956e+01
3.612313698711272281e+00
3.654175854899059495e+00
3.612313698711272281e+00
9.324688501989946587e+00
4.704206407182760508e+00
8.001684772588372851e+00
8.043546928776160954e+00
4.620482094807185192e+00
3.885286875829144115e+00
6.027210136584332467e+00
4.662344250994973294e+00
4.662344250994973294e+00
1.056396791901594412e+01
8.862466460129777346e+00
4.389371073877100571e+00
9.051715324872072088e+00
9.828772700037903931e+00
8.547631126824116521e+00
2.236721525505788932e+01
5.439401626160802472e+00
3.654175854899059495e+00
4.431233230064888673e+00
9.912497012413476583e+00
1.010174587715577310e+01
1.751562213932061596e+01
4.389371073877100571e+00
9.597661679107817534e+00
1.033285689808586127e+01
2.389952976539839469e+01
1.988865642100588715e+01
9.324688501989946587e+00
9.051715324872072088e+00
3.381202677781186772e+00
1.818715496211972038e+01
8.316520105894033676e+00
4.893455271925057026e+00
3.108229500663315381e+00
5.628650490903098991e+00
1.736823543076610576e+01
8.862466460129777346e+00
1.157213631511185703e+01
8.820604303941991020e+00
8.043546928776160954e+00
1.010174587715577310e+01
1.239105584646547342e+01
9.870634856225690257e+00
9.093577481059860190e+00
1.344108639874917444e+01
1.110991427325168601e+01
1.068955438757930487e+01
7.266489553610330887e+00
3.381202677781186772e+00
5.628650490903098991e+00
3.748626454890757032e+01
1.631820487848240830e+01
3.612313698711272281e+00
9.555799522920029432e+00
3.381202677781186772e+00
4.389371073877100571e+00
1.033285689808586127e+01
1.014360803334356120e+01
1.686415123271815020e+01
1.169772278367521956e+01
9.324688501989946587e+00
9.324688501989946587e+00
9.555799522920029432e+00
9.324688501989946587e+00
9.555799522920029432e+00
9.324688501989946587e+00
9.324688501989946587e+00
9.324688501989946587e+00
9.324688501989946587e+00
9.786910543850114053e+00
9.324688501989946587e+00
1.663304021178806735e+01
9.093577481059860190e+00
1.056396791901594412e+01
4.893455271925057026e+00
5.754236959466460632e+00
4.389371073877100571e+00
3.381202677781186772e+00
3.381202677781186772e+00
3.612313698711272281e+00
1.029099474189807317e+01
3.108229500663315381e+00
4.158260052947016838e+00
1.064769223139151855e+01
5.208290605230716963e+00
3.612313698711272281e+00
7.539462730728204498e+00
2.877118479733230316e+00
1.732637327457832299e+01
3.381202677781186772e+00
4.389371073877100571e+00
4.389371073877100571e+00
3.612313698711272281e+00
9.912497012413476583e+00
4.158260052947016838e+00
9.786910543850114053e+00
9.324688501989946587e+00
1.119363858562726222e+01
9.324688501989946587e+00
9.555799522920029432e+00
7.497600574540415508e+00
9.555799522920029432e+00
1.033285689808586127e+01
3.381202677781186772e+00
9.555799522920029432e+00
3.612313698711272281e+00
1.869123916016768305e+01
3.612313698711272281e+00
3.612313698711272281e+00
1.829267951448644780e+01
3.612313698711272281e+00
3.612313698711272281e+00
9.555799522920029432e+00
3.381202677781186772e+00
1.161399847129964336e+01
4.389371073877100571e+00
1.736823543076610576e+01
2.877118479733230316e+00
7.497600574540415508e+00
1.522631217001091564e+01
1.068955438757930487e+01
2.547544475572120248e+01
8.820604303941991020e+00
3.612313698711272281e+00
4.389371073877100571e+00
4.893455271925057026e+00
8.547631126824116521e+00
3.612313698711272281e+00
7.266489553610330887e+00
5.901623668020969937e+00
3.612313698711272281e+00
6.993516376492459941e+00
3.654175854899059495e+00
9.324688501989946587e+00
4.116397896759228736e+00
8.274657949706245574e+00
1.010174587715577310e+01
3.150091656851102595e+00
4.116397896759228736e+00
3.381202677781186772e+00
1.083694109613381684e+01
9.555799522920029432e+00
9.324688501989946587e+00
3.885286875829144115e+00
2.501322271386102969e+01
7.497600574540415508e+00
6.636818886999011902e+00
5.481263782348588798e+00
6.993516376492459941e+00
1.060583007520373044e+01
1.398703275298491988e+01
9.177301793435436394e+00
2.331172125497486647e+01
1.289514004451343077e+01
1.919532335821563507e+01
2.316433454642035272e+01
1.115177642943947767e+01
2.805778981834541241e+01
2.377394329683503216e+01
1.056396791901594412e+01
2.732259459936737045e+01
9.555799522920029432e+00
1.297886435688900519e+01
1.864937700397989317e+01
2.188319297320656887e+01
2.833076299546328514e+01
9.870634856225690257e+00
3.381202677781186772e+00
2.148463332752533717e+01
4.662344250994973294e+00
1.621268032611568088e+01
1.115177642943947767e+01
1.499520114908083102e+01
1.014360803334356120e+01
5.922554746114865054e+01
6.447570022256715383e+00
2.245093956743346197e+01
4.620482094807185192e+00
2.690223471369498753e+01
8.862466460129777346e+00
1.749382189932947540e+01
9.282826345802156709e+00
1.554114750331657646e+01
3.885286875829144115e+00
4.164626292564909704e+01
3.654175854899059495e+00
1.228553129409875311e+01
2.213610423412779937e+01
1.056396791901594412e+01
2.509694702623660234e+01
2.738625699554630799e+01
1.883862586872218969e+01
3.412686211111753209e+01
9.324688501989946587e+00
8.736879991566414816e+00
3.078752158952412898e+01
1.068955438757930487e+01
1.440739263865730102e+01
6.762405355562373543e+00
7.770573751658288231e+00
9.093577481059860190e+00
1.197069596079309228e+01
6.993516376492459941e+00
2.879298503732345438e+01
9.597661679107817534e+00
2.568475553666013766e+01
1.056396791901594412e+01
1.568853421187108665e+01
1.741009758695389564e+01
1.398703275298491988e+01
1.056396791901594412e+01
3.628884728806936266e+01
4.935317428112845128e+00
5.124566292855141647e+00
1.764120860788398204e+01
3.276199622552817203e+01
3.381202677781186772e+00
4.704206407182760508e+00
3.624872345567608534e+01
9.282826345802156709e+00
1.766127052408061715e+01
4.158260052947016838e+00
1.029099474189807317e+01
3.885286875829144115e+00
1.864937700397989317e+01
1.184510949222972975e+01
1.308438890925572728e+01
1.129916313799398608e+01
1.243291800265326152e+01
8.190933637330669370e+00
1.134102529418177419e+01
6.363845709881140955e+00
1.339922424256138811e+01
1.778859531643848868e+01
1.883862586872218969e+01
1.925898575439457261e+01
8.463906814448542093e+00
1.818715496211972038e+01
1.875490155634661349e+01
4.546788740529930806e+01
3.494751996626565926e+01
